# Name OptimalCost NbNodes NbArcs NbTerminals MaximumArcCost GFLACValue GFLACTime GFLAC2Value GFLAC2Time SHPValue SHPTime SHP2Value SHP2Time WongValue WongTime RoosValue RoosTime
wrp3-11bd 1100361 128 454 10 100000 1100374 63 1100374 1494 1100374 48 1100377 36 1100423 304 1100986 49 
wrp3-12bd 1200237 84 298 11 100000 1200238 13 1200301 299 1200238 12 1200237 11 1200292 72 1200744 15 
wrp3-13bd 1300497 311 1226 12 100000 1300529 47 1300553 29961 1300529 41 1300524 46 1300609 397 1300909 67 
wrp3-14bd 1400250 128 494 13 100000 1400251 24 1400252 1177 1400251 20 1400251 17 1400295 63 1400828 21 
wrp3-15bd 1500422 138 514 14 100000 1500423 20 1500702 1195 1500423 17 1500422 11 1500466 60 1501087 23 
wrp3-16bd 1600208 204 748 15 100000 1600269 26 1600345 6285 1600269 18 1600224 17 1600326 133 1600633 21 
wrp3-17bd 1700442 177 708 16 100000 1700445 25 1700459 2952 1700445 17 1700443 12 1700517 78 1701385 15 
wrp3-19bd 1900439 189 706 18 100000 1900449 23 1900500 5166 1900449 18 1900448 7 1900542 86 1901299 11 
wrp3-20bd 2000271 245 908 19 100000 2000302 11 2000351 15839 2000302 23 2000302 7 2000403 188 2000667 17 
wrp3-21bd 2100522 237 888 20 100000 2100561 14 2100529 12192 2100561 12 2100565 5 2100632 158 2101484 11 
wrp3-22bd 2200557 233 862 21 100000 2200617 8 2200693 12315 2200617 9 2200575 11 2200671 151 2201603 13 
wrp3-23bd 2300245 132 460 22 100000 2300245 8 2300344 1479 2300245 7 2300267 3 2300283 40 2301039 5 
wrp3-24bd 2400623 262 974 23 100000 2400630 11 2400754 21442 2400630 17 2400643 8 2400728 186 2402335 13 
wrp3-25bd 2500540 246 936 24 100000 2500571 9 2500583 19397 2500571 8 2500563 12 2500728 165 2501868 18 
wrp3-26bd 2600484 402 1560 25 100000 2600551 8 2600551 99558 2600551 7 2600499 14 2600719 541 2602071 24 
wrp3-27bd 2700502 370 1442 26 100000 2700543 8 2700563 55751 2700543 8 2700514 14 2700678 467 2701316 29 
wrp3-28bd 2800379 307 1118 27 100000 2800418 10 2800447 28121 2800418 7 2800396 10 2800589 290 2802076 17 
wrp3-29bd 2900479 245 872 28 100000 2900510 11 2900533 19682 2900510 15 2900514 10 2900595 169 2901419 13 
wrp3-30bd 3000569 467 1792 29 100000 3000635 19 3000659 263711 3000635 15 3000594 20 3000819 774 3002581 34 
wrp3-31bd 3100635 323 1184 30 100000 3100641 10 3100979 29822 3100641 8 3100654 12 3100833 291 3102863 18 
wrp3-33bd 3300513 437 1676 32 100000 3300572 10 3300594 167649 3300572 7 3300518 19 3300702 650 3302096 32 
wrp3-34bd 3400646 1244 4948 33 100000 3400699 33 -1 -1 3400699 31 3400696 69 3401270 7466 3402495 126 
wrp3-36bd 3600610 435 1636 35 100000 3600642 21 -1 -1 3600642 25 3600662 21 3600829 620 3602642 40 
wrp3-37bd 3700485 1011 4020 36 100000 3700553 33 -1 -1 3700553 34 3700517 45 3700894 4371 3702542 97 
wrp3-38bd 3800656 603 2414 37 100000 3800678 17 -1 -1 3800678 12 3800676 30 3800927 1329 3802514 61 
wrp3-39bd 3900450 703 3232 38 100000 3900469 21 -1 -1 3900469 17 3900474 35 3900696 2146 3902048 88 
wrp3-41bd 4100466 178 614 40 100000 4100470 8 -1 -1 4100470 4 4100467 7 4100506 64 4102587 12 
wrp3-42bd 4200598 705 2746 41 100000 4200634 26 -1 -1 4200634 22 4200638 42 4200833 1881 4203149 75 
wrp3-43bd 4300457 173 596 42 100000 4300462 5 -1 -1 4300462 4 4300459 9 4300496 59 4302639 13 
wrp3-45bd 4500860 1414 5626 44 100000 4500966 60 -1 -1 4500966 44 4500915 94 4501643 10042 4505277 207 
wrp3-48bd 4800552 925 3476 47 100000 4800602 34 -1 -1 4800602 35 4800584 55 4800950 3345 4803755 126 
wrp3-49bd 4900882 886 3600 48 100000 4900947 52 -1 -1 4900947 53 4900914 66 4901292 3337 4905568 242 
wrp3-50bd 5000673 1119 4502 49 100000 5000767 20 -1 -1 5000767 19 5000719 70 5001264 5451 5004158 180 
wrp3-52bd 5200825 701 2704 51 100000 5200873 32 -1 -1 5200873 24 5200880 55 5201153 1799 5204450 92 
wrp3-53bd 5300847 775 2942 52 100000 5300928 23 -1 -1 5300928 22 5300899 65 5301190 2342 5305036 120 
wrp3-55bd 5500888 1645 6372 54 100000 5500968 48 -1 -1 5500968 53 5500950 138 5501532 14125 5504694 472 
wrp3-56bd 5600872 853 3180 55 100000 5600968 36 -1 -1 5600968 32 5600930 62 5601274 2829 5606816 162 
wrp3-60bd 6001164 838 3526 59 100000 6001214 58 -1 -1 6001214 50 6001173 70 6001512 2800 6008801 144 
wrp3-62bd 6201016 670 2632 61 100000 6201062 41 -1 -1 6201062 39 6201057 55 6201233 1646 6206188 109 
wrp3-64bd 6400931 1822 7220 63 100000 6401108 88 -1 -1 6401108 93 6400985 221 6401859 17717 6406828 735 
wrp3-66bd 6600922 2521 9716 65 100000 6601057 115 -1 -1 6601057 112 6600997 316 6601996 44170 6606516 1366 
wrp3-67bd 6700776 987 3846 66 100000 6700820 27 -1 -1 6700820 26 6700820 83 6701076 4043 6704379 343 
wrp3-69bd 6900841 856 3242 68 100000 6900907 40 -1 -1 6900907 34 6900879 75 6901280 2779 6905458 202 
wrp3-70bd 7000890 1468 5862 69 100000 7001100 42 -1 -1 7001100 38 7000956 145 7001422 11089 7006694 504 
wrp3-71bd 7101028 1221 4828 70 100000 7101164 61 -1 -1 7101164 69 7101118 123 7101566 7050 7109164 330 
wrp3-73bd 7301207 1890 7226 72 100000 7301343 77 -1 -1 7301343 74 7301269 238 7302023 19339 7308828 848 
wrp3-74bd 7400759 1019 3882 73 100000 7400789 59 -1 -1 7400789 53 7400798 102 7401351 4233 7404260 290 
wrp3-75bd 7501020 729 2790 74 100000 7501071 43 -1 -1 7501071 42 7501030 78 7501303 1880 7509560 175 
wrp3-76bd 7601028 1761 6740 75 100000 7601202 87 -1 -1 7601202 76 7601067 188 7601784 15712 7607677 621 
wrp3-78bd 7801094 2346 9312 77 100000 7801219 163 -1 -1 7801219 164 7801190 301 7802185 37871 7808584 1592 
wrp3-79bd 7900444 833 3190 78 100000 7900486 35 -1 -1 7900486 31 7900525 78 7901012 2691 7903710 361 
wrp3-80bd 8000849 1491 5662 79 100000 8001005 84 -1 -1 8001005 81 8000918 180 8001538 11624 8006520 532 
wrp3-83bd 8300906 3168 12440 82 100000 8301035 151 -1 -1 8301035 147 8300966 547 8301897 84377 8307411 2539 
wrp3-84bd 8401094 2356 9094 83 100000 8401259 116 -1 -1 8401259 111 8401165 331 8402009 34005 8409443 1368 
wrp3-85bd 8500739 528 2034 84 100000 8500793 26 -1 -1 8500793 25 8500839 51 8501135 953 8505948 118 
wrp3-86bd 86000746 1360 5214 85 1000000 86000837 81 -1 -1 86000837 78 86000818 171 86001478 9099 86006444 728 
wrp3-88bd 88001175 743 2818 87 1000000 88001186 49 -1 -1 88001186 42 88001205 89 88001443 1939 88013191 211 
wrp3-91bd 91000866 1343 5188 90 1000000 91000972 73 -1 -1 91000972 72 91000940 178 91001518 8844 91007915 519 
wrp3-92bd 92000764 1765 7226 91 1000000 92000882 97 -1 -1 92000882 95 92000825 286 92001369 17779 92007938 1382 
wrp3-94bd 94001181 1976 7672 93 1000000 94001270 121 -1 -1 94001270 116 94001220 328 94002094 20671 94010536 1230 
wrp3-96bd 96001172 2518 9970 95 1000000 96001315 167 -1 -1 96001315 187 96001311 540 96002149 42958 96010384 2118 
wrp3-98bd 98001224 2265 9090 97 1000000 98001375 162 -1 -1 98001375 187 98001311 504 98001919 34553 98009779 1453 
wrp3-99bd 99001097 2076 8144 98 1000000 99001307 133 -1 -1 99001307 129 99001201 398 99002014 27172 99010277 1516 
wrp4-11bd 1100179 123 466 10 100000 1100196 43 -1 -1 1100196 43 1100192 35 1100275 327 1100365 48 
wrp4-13bd 1300798 110 376 12 100000 1300810 34 -1 -1 1300810 30 1300806 19 1300877 102 1303017 21 
wrp4-14bd 1400290 145 566 13 100000 1400297 20 -1 -1 1400297 22 1400291 23 1400447 90 1400916 44 
wrp4-15bd 1500405 193 738 14 100000 1500408 23 -1 -1 1500408 20 1500423 34 1500559 150 1501232 36 
wrp4-16bd 1601190 311 1158 15 100000 1601320 19 -1 -1 1601320 19 1601237 28 1601466 343 1602851 47 
wrp4-17bd 1700525 223 808 16 100000 1700541 23 -1 -1 1700541 23 1700542 17 1700705 146 1701732 26 
wrp4-18bd 1801464 211 760 17 100000 1801527 14 -1 -1 1801527 13 1801499 7 1801595 122 1803600 15 
wrp4-19bd 1901446 119 412 18 100000 1901467 15 -1 -1 1901467 11 1901461 4 1901495 37 1908678 8 
wrp4-21bd 2103283 529 2064 20 100000 2103345 39 -1 -1 2103345 42 2103361 24 2103763 962 2109923 26 
wrp4-22bd 2200394 294 1136 21 100000 2200453 10 -1 -1 2200453 11 2200403 7 2200625 285 2201186 15 
wrp4-23bd 2300376 257 1030 22 100000 2300416 7 -1 -1 2300416 11 2300428 8 2300623 201 2301244 19 
wrp4-24bd 2403332 493 1926 23 100000 2403533 15 -1 -1 2403533 19 2403428 24 2403926 767 2410608 25 
wrp4-25bd 2500828 422 1616 24 100000 2500889 8 -1 -1 2500889 8 2500838 18 2501106 621 2502496 30 
wrp4-26bd 2600443 396 1562 25 100000 2600459 11 -1 -1 2600459 10 2600473 18 2600690 536 2601425 21 
wrp4-27bd 2700441 243 994 26 100000 2700519 7 -1 -1 2700519 5 2700464 12 2700675 203 2701540 12 
wrp4-28bd 2800466 272 1090 27 100000 2800488 6 -1 -1 2800488 5 2800516 15 2800731 240 2801690 15 
wrp4-29bd 2900484 247 1010 28 100000 2900518 8 -1 -1 2900518 5 2900550 12 2900760 205 2901677 15 
wrp4-30bd 3000526 361 1448 29 100000 3000563 7 -1 -1 3000563 8 3000605 17 3000836 452 3001792 25 
wrp4-31bd 3100526 390 1572 30 100000 3100553 14 -1 -1 3100553 10 3100587 20 3100857 499 3101870 36 
wrp4-32bd 3200554 311 1264 31 100000 3200626 10 -1 -1 3200626 9 3200655 17 3200864 311 3202056 19 
wrp4-33bd 3300655 304 1142 32 100000 3300683 10 -1 -1 3300683 7 3300677 11 3300808 289 3302563 19 
wrp4-34bd 3400525 314 1300 33 100000 3400572 10 -1 -1 3400572 7 3400589 11 3400975 340 3402156 20 
wrp4-35bd 3500601 471 1908 34 100000 3500672 11 -1 -1 3500672 10 3500685 20 3501002 829 3502359 40 
wrp4-36bd 3600596 363 1500 35 100000 3600638 18 -1 -1 3600638 12 3600660 18 3600990 466 3602341 27 
wrp4-37bd 3700647 522 2108 36 100000 3700711 17 -1 -1 3700711 18 3700709 28 3701123 1170 3702590 42 
wrp4-38bd 3800606 294 1236 37 100000 3800632 9 -1 -1 3800632 6 3800728 11 3801051 306 3802582 20 
wrp4-39bd 3903734 802 3106 38 100000 3904010 37 -1 -1 3904010 32 3903854 38 3904428 2319 3919378 98 
wrp4-40bd 4000758 538 2176 39 100000 4000793 18 -1 -1 4000793 16 4000824 26 4001267 1218 4002888 57 
wrp4-41bd 4100695 465 1910 40 100000 4100752 23 -1 -1 4100752 16 4100778 20 4101166 836 4102844 41 
wrp4-42bd 4200701 552 2262 41 100000 4200715 17 -1 -1 4200715 15 4200756 27 4201251 1216 4202881 54 
wrp4-43bd 4301508 596 2296 42 100000 4301747 25 -1 -1 4301747 23 4301605 45 4302139 1242 4312224 80 
wrp4-44bd 4401504 398 1576 43 100000 4401605 10 -1 -1 4401605 10 4401577 23 4401817 538 4409064 34 
wrp4-45bd 4500728 388 1630 44 100000 4500817 20 -1 -1 4500817 13 4500838 23 4501092 575 4503218 35 
wrp4-46bd 4600756 632 2574 45 100000 4600812 19 -1 -1 4600812 18 4600864 33 4601296 1697 4603521 71 
wrp4-47bd 4701318 555 2196 46 100000 4701434 25 -1 -1 4701434 25 4701437 31 4701919 1117 4710060 60 
wrp4-48bd 4802220 451 1650 47 100000 4802331 29 -1 -1 4802331 18 4802305 27 4802489 700 4816148 55 
wrp4-49bd 4901968 557 2160 48 100000 4902074 31 -1 -1 4902074 24 4902073 35 4902320 1145 4912857 77 
wrp4-50bd 5001625 564 2224 49 100000 5001704 33 -1 -1 5001704 33 5001697 34 5002195 1051 5012765 94 
wrp4-51bd 5101616 668 2612 50 100000 5101777 24 -1 -1 5101777 24 5101738 39 5102258 1634 5113170 85 
wrp4-52bd 5201081 547 2230 51 100000 5201255 19 -1 -1 5201255 18 5201264 34 5201708 1226 5208878 69 
wrp4-53bd 5301351 615 2464 52 100000 5301476 28 -1 -1 5301476 28 5301395 44 5302002 1418 5308675 82 
wrp4-54bd 5401534 688 2776 53 100000 5401644 28 -1 -1 5401644 27 5401664 61 5402373 1953 5408679 99 
wrp4-55bd 5501952 610 2402 54 100000 5502057 29 -1 -1 5502057 26 5502089 40 5502545 1448 5515584 96 
wrp4-56bd 5602299 839 3234 55 100000 5602556 38 -1 -1 5602556 37 5602412 58 5603300 2618 5615833 135 
wrp4-58bd 5801466 757 2986 57 100000 5801623 44 -1 -1 5801623 41 5801588 54 5802466 2307 5811393 129 
wrp4-59bd 5901592 904 3612 58 100000 5901712 49 -1 -1 5901712 50 5901667 71 5902579 3425 5911446 159 
wrp4-60bd 6001782 693 2740 59 100000 6001889 38 -1 -1 6001889 30 6001910 53 6002633 1962 6014705 133 
wrp4-61bd 6102210 775 3076 60 100000 6102361 32 -1 -1 6102361 33 6102405 61 6103053 2458 6125549 135 
wrp4-62bd 6202100 1283 4986 61 100000 6202232 60 -1 -1 6202232 60 6202231 123 6202855 7474 6223113 279 
wrp4-63bd 6301479 1121 4454 62 100000 6301687 45 -1 -1 6301687 44 6301646 113 6302156 6290 6309712 261 
wrp4-64bd 6401996 632 2562 63 100000 6402099 26 -1 -1 6402099 25 6402169 50 6402810 1497 6413805 112 
wrp4-66bd 6602931 844 3382 65 100000 6603042 40 -1 -1 6603042 40 6603034 69 6603834 3029 6627217 165 
wrp4-67bd 6702800 1518 6120 66 100000 6702980 90 -1 -1 6702980 95 6702917 158 6703748 13167 6726925 486 
wrp4-68bd 6801753 917 3700 67 100000 6801886 56 -1 -1 6801886 55 6801846 82 6802848 3996 6818402 200 
wrp4-69bd 6902328 574 2330 68 100000 6902542 24 -1 -1 6902542 24 6902452 48 6903173 1156 6916750 108 
wrp4-70bd 7003022 637 2538 69 100000 7003140 41 -1 -1 7003140 41 7003200 57 7003962 1404 7038687 122 
wrp4-71bd 7102320 802 3218 70 100000 7102452 42 -1 -1 7102452 42 7102488 71 7103211 2824 7123488 169 
wrp4-72bd 7202807 1151 4548 71 100000 7202974 62 -1 -1 7202974 59 7203015 117 7203879 6460 7221822 453 
wrp4-73bd 7302643 1898 7232 72 100000 7302876 88 -1 -1 7302876 101 7302838 260 7303755 25426 7329763 1289 
wrp4-74bd 7402046 802 3240 73 100000 7402162 51 -1 -1 7402162 51 7402147 73 7402990 2900 7420225 198 
wrp4-75bd 7501712 938 3738 74 100000 7501872 46 -1 -1 7501872 56 7501871 86 7502916 3955 7513349 232 
wrp4-76bd 7602040 766 3070 75 100000 7602241 35 -1 -1 7602241 35 7602179 68 7602888 2563 7621241 186 
es10fst01bd 22920745 18 40 9 3793393 22920745 8 22920745 41 26269308 3 23019690 7 22920745 26 34820512 15 
es10fst02bd 19134104 14 26 9 3410061 19134104 4 20506807 11 19134104 0 19134104 3 19134104 10 33024312 7 
es10fst03bd 26003678 17 40 9 4616396 26496603 3 26755081 11 35419393 0 27165533 4 26496603 11 42758911 8 
es10fst04bd 20461116 18 40 9 3919665 20461116 4 21264426 10 23866282 0 20506769 4 20638177 9 26479984 8 
es10fst05bd 18818916 12 22 9 2803771 18818916 2 18818916 5 18818916 0 18818916 3 18818916 4 27829660 6 
es10fst06bd 26540768 17 40 9 4351627 26540768 8 29250669 9 30014249 0 27797873 4 26540768 8 39691033 6 
es10fst07bd 26025072 14 26 9 4290001 26025072 4 26649192 4 26025072 1 26025072 3 26025072 4 35820624 2 
es10fst08bd 25056214 21 56 9 5123726 26926731 8 25488037 8 33369782 1 26820633 3 26579014 11 31092309 6 
es10fst09bd 22062355 21 58 9 3500925 22062355 4 22536553 9 24369130 1 22078819 4 22203381 12 25232034 5 
es10fst10bd 23936095 18 42 9 4244448 24399851 5 24096332 6 26441794 1 25064340 2 23936095 12 39443723 4 
es10fst11bd 22239535 14 26 9 3177341 22239535 3 22239535 4 22239535 0 22239535 1 22239535 6 29492571 4 
es10fst12bd 19626318 13 24 9 4103202 19626318 3 20928880 3 19626318 1 19626318 1 19626318 4 33035352 3 
es10fst13bd 19483914 18 42 9 4291328 20421178 2 19971845 5 23576779 1 19483914 2 20603415 8 28314081 4 
es10fst14bd 21856128 24 64 9 3046393 21856128 4 22401768 7 25945812 1 22125849 3 23500410 12 30415697 4 
es10fst15bd 18641924 16 36 9 3560452 19045863 2 19297388 4 20585363 1 19297388 2 19117297 4 21102940 3 
es20fst01bd 33703886 29 56 19 2889601 33703886 11 34755755 79 33703886 3 33703886 17 33703886 40 57497006 37 
es20fst02bd 32639486 29 56 19 5051797 32639486 18 35226034 33 32639486 2 32639486 12 32639486 27 64402214 19 
es20fst03bd 27847417 27 52 19 2690761 27847417 11 29530600 15 27847417 1 27847417 8 27847417 18 68456676 16 
es20fst04bd 27624394 57 166 19 2664289 28146886 19 28993024 92 37226086 2 28089782 16 28618218 56 54174114 24 
es20fst05bd 34033163 54 154 19 3519631 35380226 18 34134855 64 45415991 3 35898491 10 35462173 24 70135846 16 
es20fst06bd 36014241 29 56 19 3292659 36014241 8 39110730 9 36014241 1 36014241 5 36014241 7 65066366 6 
es20fst07bd 34934874 45 118 19 3190991 35803081 8 36265969 34 44122876 2 35898469 7 35468385 16 65543837 14 
es20fst08bd 38016346 52 148 19 3152995 39286192 9 40196352 48 51790536 2 40848997 9 38607292 19 74766207 16 
es20fst09bd 36739939 36 84 19 3662780 37254007 6 38209999 16 41512243 1 37775769 5 37986041 14 71310268 6 
es20fst10bd 34024740 49 134 19 3858740 34693096 11 36947354 34 41643842 2 36400775 7 35617732 14 62033606 5 
es20fst11bd 27123908 33 72 19 2763760 27123908 5 27511370 7 29421034 1 27123908 5 27126808 8 61602474 4 
es20fst12bd 30451397 33 72 19 3016882 31442672 4 32153696 9 32749928 1 31331669 4 30451397 6 51297031 3 
es20fst13bd 34438673 35 80 19 2924055 36104762 6 34778844 13 41083119 1 34596753 4 35449560 8 64414743 4 
es20fst14bd 34062374 36 88 19 3599551 34062374 5 35052420 11 38412820 1 35466798 4 34802912 9 58801996 4 
es20fst15bd 32303746 37 86 19 2266847 32428792 5 34679244 12 35051604 1 32989633 3 32428792 10 71721678 4 
es30fst01bd 40692993 79 230 29 2774213 41508595 43 45221153 296 48012212 7 42781034 47 42592929 151 79284050 87 
es30fst02bd 40900061 71 194 29 3255742 41650108 26 42185058 112 52347835 3 41408520 21 41634550 46 76137919 42 
es30fst03bd 43120444 83 240 29 3247952 43302772 21 45884353 229 56672717 3 45803931 17 45310251 47 78080938 31 
es30fst04bd 42150958 80 230 29 2561260 42663072 23 44154120 176 55159322 3 43767983 14 43621951 93 84348007 29 
es30fst05bd 41739748 58 142 29 3156053 43500055 15 46300381 56 48743907 2 43602152 9 42752354 53 87671708 18 
es30fst06bd 39955139 83 238 29 3120729 41126430 15 42189226 228 56196254 2 41145460 12 42281335 22 66539282 21 
es30fst07bd 43761391 53 128 29 2908627 44377168 7 47694777 37 50022684 2 45214277 7 44862166 9 102230146 12 
es30fst08bd 41691217 69 186 29 2680587 42806267 11 44005566 114 51703082 2 42932177 9 42811921 10 81359146 21 
es30fst09bd 37133658 43 88 29 2240661 38827528 9 42247054 13 38500702 1 37133658 8 37133658 4 83264590 16 
es30fst10bd 42686610 48 104 29 2954376 42844829 7 46243822 20 43178267 1 42844829 11 42899799 5 115757006 15 
es30fst11bd 41647993 79 224 29 2690272 42965506 12 45747621 139 56951357 2 42510264 10 43808308 17 92987853 24 
es30fst12bd 38416720 46 96 29 2181617 38416720 5 41674965 15 41016950 1 39164934 6 38656612 5 81477178 8 
es30fst13bd 37406646 65 168 29 2901468 37715130 6 39946327 99 48730924 1 38636401 3 38661489 10 72600220 11 
es30fst14bd 42897025 53 116 29 2245718 42922387 7 46927456 26 45269165 0 43049728 2 42922387 5 97774682 9 
es30fst15bd 43035576 118 376 29 3150426 44071776 10 48282144 1118 65359601 1 46608337 5 47865945 21 81669098 17 
es40fst01bd 44841522 93 254 39 2284218 44841522 53 48223006 420 56788405 7 46349735 60 46864295 232 110636379 140 
es40fst02bd 46811310 82 210 39 2909764 48575903 33 51289836 153 59508965 3 47733795 40 48781595 74 107895266 33 
es40fst03bd 49974157 87 232 39 2296266 51372751 33 52598273 254 62856743 4 51601575 21 53109564 38 121141168 43 
es40fst04bd 45289864 55 110 39 2773162 45289864 13 46767152 39 45289864 2 45503897 14 45503897 14 90552778 13 
es40fst05bd 51940413 121 360 39 3167336 54142372 27 55095471 1037 73284247 4 53715084 35 55521835 45 114029439 16 
es40fst06bd 49753385 92 246 39 2559335 50850792 13 52655367 333 64062641 2 50912129 23 50859872 21 110716030 9 
es40fst07bd 45639009 77 190 39 2374906 46264091 12 49082752 109 52855013 2 46204077 4 47035069 12 99383136 7 
es40fst08bd 48745996 98 274 39 3299969 50906910 14 53790252 448 64888085 1 50139513 4 51704006 18 113416012 8 
es40fst09bd 51761789 107 306 39 2036082 53119640 13 54791227 541 77320171 1 53309251 4 55385566 19 115141871 9 
es40fst10bd 57136852 107 304 39 2295356 57362614 18 65601003 676 75105917 2 58286527 6 60927943 19 135871927 9 
es40fst11bd 46734214 97 270 39 2463192 47342154 14 48584073 364 61257335 1 48199428 4 48097230 14 85107963 9 
es40fst12bd 43843378 67 150 39 4054992 44389792 11 47835571 64 46166548 1 44547374 3 44130716 8 107764029 6 
es40fst13bd 51884545 78 190 39 3142993 52450232 11 55519166 120 63675238 2 53296595 4 53020188 13 157983749 11 
es40fst14bd 49166952 98 268 39 3162593 51196975 13 52227788 458 65500889 1 50997712 4 52077494 20 104601729 9 
es40fst15bd 50828067 93 258 39 2012972 51720259 12 56821596 343 63929140 1 52490895 3 52683738 17 127091339 7 
es50fst01bd 54948660 118 320 49 2767753 56027880 66 58392624 790 66307140 8 56173577 77 55965169 218 124446248 168 
es50fst02bd 55484245 125 354 49 2268240 57235898 46 61692260 1183 71064387 5 57184363 55 57334109 86 127915565 73 
es50fst03bd 54691035 128 364 49 2197772 56855907 46 60154440 1263 73053818 5 57048031 29 58881334 38 136918581 93 
es50fst04bd 51535766 106 276 49 2733189 52188358 44 52621163 462 61349666 4 53500967 16 51850247 40 129267175 23 
es50fst05bd 55186015 104 270 49 2469638 55846131 26 58319573 548 65354999 3 56090880 5 56373309 38 138708064 14 
es50fst06bd 55804287 126 364 49 2298327 56660049 20 60812049 1177 81219041 2 57860480 8 58904719 39 129060326 16 
es50fst07bd 49961178 143 422 49 3638985 51444886 22 54063888 2096 72791526 3 51755948 7 53797687 36 120772293 18 
es50fst08bd 53754708 83 192 49 1976373 54261263 10 59512894 136 60073469 1 54721399 4 54249829 14 145385055 11 
es50fst09bd 53456773 139 404 49 2867884 54657716 15 56616677 1973 66809792 2 56200680 9 58069625 29 111513174 15 
es50fst10bd 54037963 139 414 49 3113201 55264396 11 57824657 1993 71593848 2 56927934 8 56199837 26 123034441 17 
es50fst11bd 52532923 100 262 49 2678488 52532923 10 56519343 449 65456907 1 54113772 6 53396649 24 128938675 12 
es50fst12bd 53409291 110 298 49 2038709 54663165 10 56623004 576 64037729 1 54357004 5 56209245 28 128053537 11 
es50fst13bd 53891019 92 232 49 2692846 54485465 5 57880083 271 59450577 1 55567684 5 56196654 17 105575618 9 
es50fst14bd 53551419 120 334 49 2000407 55694603 7 58079411 1257 72617612 2 55364841 6 56151219 20 132943709 13 
es50fst15bd 52180862 112 294 49 2323216 52599988 9 57564708 795 65092641 2 53580350 6 53879718 21 123850542 11 
es60fst01bd 53761423 123 318 59 2030776 55510579 73 58450905 1090 64438891 8 55319869 88 54755587 238 114686877 178 
es60fst02bd 55367804 186 560 59 3575497 57498851 82 58280814 4054 84523083 7 57559398 68 58363667 152 123762344 141 
es60fst03bd 56566797 113 284 59 2099035 57674304 23 58551938 722 66761628 5 58243046 26 57540673 27 149752465 23 
es60fst04bd 55371042 162 476 59 2784170 58360250 33 58775861 3571 86733170 5 56741428 25 58166039 44 145112632 34 
es60fst05bd 54704991 119 296 59 1856762 55944103 18 57780873 958 68172026 2 56682606 10 56031424 24 145126698 14 
es60fst06bd 60421961 130 348 59 2098354 61506301 20 63752337 1553 71256196 2 62411927 9 61620599 31 156982194 19 
es60fst07bd 58978041 188 560 59 2591173 60653649 30 62309024 5268 82024617 4 61346416 14 64049613 48 148658224 31 
es60fst08bd 58138178 109 266 59 2681734 59346977 9 62867251 627 66381941 2 59024671 6 59820832 19 121861792 20 
es60fst09bd 55877112 151 432 59 2233250 57365065 14 59385982 2086 80111444 2 57400753 11 58959930 36 128446848 23 
es60fst10bd 57624488 133 354 59 2123515 58794018 12 60342361 1614 71844225 2 59452749 7 59398057 29 149691803 18 
es60fst11bd 56141666 121 308 59 2588742 57006563 9 59196188 1201 68071352 2 57891469 8 58527809 25 149296476 19 
es60fst12bd 59791362 176 514 59 1836095 62069509 12 63652769 3642 79922276 3 61381577 14 64978946 50 154931006 27 
es60fst13bd 61213533 157 452 59 2343044 64957879 5 66896150 2639 84958820 2 63805280 11 63635933 31 127800255 21 
es60fst14bd 56035528 118 298 59 1981701 56555699 4 60175921 1017 66522886 1 57606047 6 57491718 19 147871205 17 
es60fst15bd 56622581 117 302 59 1865118 57679180 7 60184440 604 62712454 1 57791385 6 59493260 21 180030195 19 
es70fst01bd 62058863 154 418 69 2537883 63316481 110 65584367 1575 77933043 9 63014190 103 63814064 316 160484934 298 
es70fst02bd 60928488 147 394 69 1971353 62363798 51 64690921 1801 75719545 6 62796230 42 64330370 174 145926374 51 
es70fst03bd 61934664 181 528 69 2793469 63426170 65 67197838 4369 90247372 5 63765897 18 65124104 87 175569768 46 
es70fst04bd 62938583 167 462 69 2102705 65090034 26 67016048 2896 78436574 4 65527688 14 64980889 49 192016401 31 
es70fst05bd 62256993 169 462 69 2500397 63734181 16 65913667 2950 85247713 3 64417303 20 65128421 45 159067032 31 
es70fst06bd 62124528 187 536 69 2041507 63098455 9 69249357 5105 91137606 4 64776317 18 67519897 58 160896457 28 
es70fst07bd 62223666 167 460 69 2384679 63780266 10 64951877 3372 77289230 3 63909537 16 63468895 47 170850520 30 
es70fst08bd 61872849 209 628 69 2323011 64578813 10 66415009 8332 84926178 3 63960318 20 64368690 71 140653447 34 
es70fst09bd 62986133 161 440 69 1827404 63703624 6 68208995 2328 86101657 2 65137108 13 66120281 40 142048642 27 
es70fst10bd 62511830 165 450 69 1870972 64327671 8 68595856 2465 81225599 1 64034461 12 65951133 44 141543894 29 
es70fst11bd 66455760 177 508 69 2083544 69306079 8 71946485 3601 92974838 2 67194990 15 72695385 38 148549069 31 
es70fst12bd 63047132 142 362 69 2128603 65166932 8 67651147 1425 74200679 1 63636016 10 63783597 28 155465391 20 
es70fst13bd 62912258 160 438 69 2161771 64737500 6 67008211 2639 73448913 2 65520303 11 65142029 35 143970828 23 
es70fst14bd 60411124 143 368 69 2017081 61562929 9 64193240 1387 78134196 1 61610968 9 62222175 28 156267756 21 
es70fst15bd 62318458 178 502 69 2127994 63452839 11 68169272 3647 82123037 1 65186553 15 64826155 44 172307674 33 
es80fst01bd 70927442 187 510 79 1838563 72132147 121 76199118 4035 89290086 11 73996105 129 73414685 398 182542686 339 
es80fst02bd 65273810 183 498 79 1807708 67090295 75 69518627 4093 84723374 7 68801916 58 69306842 118 161089375 95 
es80fst03bd 65332546 189 522 79 2465625 67306634 29 69756606 5036 81647612 7 66721458 19 68775580 65 193195369 39 
es80fst04bd 64193446 198 560 79 2219558 65634556 28 70495991 6668 80482457 5 66217874 25 66208373 63 150035409 40 
es80fst05bd 66350529 172 456 79 1964292 67182043 25 69774035 3505 78817045 2 68841469 16 68684701 49 195460327 48 
es80fst06bd 71007444 172 448 79 1680586 71976669 18 75473185 3127 85867303 2 72682893 15 72611766 51 167936084 31 
es80fst07bd 68228475 193 542 79 1711057 71215272 12 74840105 6913 92800183 3 70631658 18 72140979 54 184807491 38 
es80fst08bd 67452377 217 612 79 1982887 69093982 11 70630150 11201 86429052 2 70060426 17 71467367 70 151627012 58 
es80fst09bd 69825651 236 686 79 1996824 73899736 14 73878673 15715 103894266 3 73799332 22 74163261 79 153278924 45 
es80fst10bd 65497988 156 394 79 1965374 66048297 9 71954934 1866 79506411 2 66793326 15 66637301 41 197353492 27 
es80fst11bd 66283099 209 590 79 1700033 68533214 11 70899910 8327 88578328 2 68336640 22 70044281 72 166404864 52 
es80fst12bd 65070089 147 360 79 2848127 66132281 6 68992596 1386 74210282 1 65811851 11 66276269 37 147598193 24 
es80fst13bd 68022647 164 422 79 3001977 69759945 10 72301615 2125 79953110 1 69387370 12 68870098 37 147760880 27 
es80fst14bd 70077902 209 594 79 3163299 72009108 23 74679113 7901 90437685 1 71710883 17 74300734 62 178941774 40 
es80fst15bd 69939071 197 564 79 1867681 72964459 22 74656041 5363 93142212 2 72673765 16 72904343 57 176506550 49 
es90fst01bd 68350357 181 462 89 1320831 69340636 118 71864219 2525 79059398 11 69645769 131 69895271 345 220725590 341 
es90fst02bd 71294845 221 626 89 1863017 74227927 107 76267239 8884 92203477 9 73207513 65 72831603 276 167808553 107 
es90fst03bd 74817473 284 860 89 2998553 77745251 99 80307068 23958 111309693 9 77047659 35 80776574 139 186561854 80 
es90fst04bd 70910063 217 598 89 1769383 72157062 25 75642318 9609 91611411 3 72720652 24 72708203 72 182800707 56 
es90fst05bd 71831224 190 508 89 1495084 73172031 24 77075051 5010 88330488 2 73834949 26 74048877 61 213517440 45 
es90fst06bd 68640346 215 580 89 1386760 69723973 14 72328774 7956 82128513 3 70833181 21 71979010 71 192460866 67 
es90fst07bd 72036885 175 442 89 1721203 73980602 10 76231206 3341 81572947 2 72605732 19 74052056 46 207913696 35 
es90fst08bd 72341668 234 664 89 1709953 73986750 14 76993529 15738 91548038 3 74391595 23 74583613 81 196668712 53 
es90fst09bd 67856007 234 662 89 1856051 71548383 15 73468427 14714 98371816 2 71215888 29 74219222 102 190204696 69 
es90fst10bd 72310409 246 712 89 1704670 74583122 15 79533961 18627 96541148 2 75589390 27 75597093 92 196794324 63 
es90fst11bd 72310039 225 646 89 2913359 73459010 15 75095189 10320 99800303 2 73934511 20 75508777 63 166809234 55 
es90fst12bd 69367257 207 568 89 2048708 73228073 7 72953404 6033 90862821 1 71471301 19 71573536 60 171957368 53 
es90fst13bd 72810663 240 698 89 1640003 74166435 11 76723380 13411 108790418 2 75795586 26 76821556 80 199804052 65 
es90fst14bd 69188992 185 486 89 2046927 70262339 10 74418651 4445 83891402 2 71366686 17 71928096 49 194479777 55 
es90fst15bd 71778294 207 572 89 1673482 73826179 10 75841401 7230 90174584 2 74098525 19 75033350 62 199657558 50 
es100fst01bd 72522165 250 708 99 2247505 75365329 162 78431935 14833 100712606 13 74996386 141 75000324 409 176353307 285 
es100fst02bd 75176630 339 1044 99 2439364 76681625 68 80349419 40789 104781374 8 78365677 65 78442358 220 180612105 201 
es100fst03bd 72746006 189 466 99 1749552 74330175 18 77838876 4252 84904493 3 73849547 29 74086067 66 197107927 104 
es100fst04bd 74342392 188 470 99 1627578 75996693 19 80557766 4531 83638698 3 75693600 27 77052143 70 226547749 45 
es100fst05bd 75670198 188 476 99 1526636 77131658 25 82842248 3227 88143452 3 76897439 23 77216506 61 207023513 53 
es100fst06bd 74414990 301 904 99 1603712 76297034 21 82119909 25468 101585951 3 77469023 40 79267076 151 228311930 94 
es100fst07bd 77740576 276 802 99 1604927 80265546 18 81820698 22663 110228864 3 80898666 36 83093194 130 201139582 86 
es100fst08bd 73033178 210 552 99 1518342 75320781 15 80718918 7651 91383774 2 74839270 24 74914001 83 244236894 56 
es100fst09bd 77952027 248 684 99 1487263 82070538 20 83622358 15237 99798876 3 80059348 26 82813701 96 221988582 63 
es100fst10bd 75952202 229 624 99 1814666 79035729 15 79800664 10936 102892476 2 77683619 30 79847736 85 226171447 71 
es100fst11bd 78674859 253 724 99 1526076 81955115 16 84090279 16952 102804777 2 80283998 26 80604758 102 230423859 65 
es100fst12bd 76131099 266 770 99 2300193 79627578 17 79684198 17464 104077874 2 78387376 30 79296285 113 212571419 69 
es100fst13bd 74604990 254 722 99 1875126 77858322 14 80779125 15281 101036347 3 76822679 35 78322138 96 198607066 67 
es100fst14bd 78632795 198 506 99 2249194 80179590 12 84250088 4253 87979021 2 80644861 29 79774666 75 286414500 55 
es100fst15bd 70446493 231 638 99 1522698 72805295 11 77283575 11211 88868472 2 73547891 33 73217914 102 190356266 59 
es250fst01bd 116609813 623 1752 249 1272176 121286377 480 124866508 412258 148387330 41 119572425 526 121220490 1413 394253772 1993 
es250fst02bd 115150079 542 1438 249 1167583 118561189 134 122529407 314591 140086328 41 118001777 199 118185063 672 398864383 1060 
es250fst03bd 114650399 543 1454 249 1094678 117601661 83 122344885 292244 138520986 19 118195535 193 118652486 750 458584595 873 
es250fst04bd 117819530 604 1684 249 1133289 121438193 89 128451184 359816 151541487 6 121702482 218 122580923 855 447364444 911 
es250fst05bd 116927089 596 1664 249 1164498 119872732 92 124189066 386844 152733739 5 120825883 183 121001430 800 377403755 806 
es250fst06bd 116256250 596 1648 249 1345307 118798073 80 124900433 299421 149186975 5 119424580 227 121683804 802 482185346 1008 
es250fst07bd 115277351 585 1598 249 1065684 119444699 105 124691280 315185 151648961 4 118537111 193 119942740 780 380501735 1054 
es250fst08bd 116833323 657 1894 249 1230743 121757925 116 126110569 727347 157989148 3 120882704 220 123267496 935 391645501 1022 
es250fst09bd 116821988 570 1540 249 1126174 119613335 132 124442703 295674 152557576 3 120952387 173 120652448 714 403749322 1139 
es250fst10bd 116857628 662 1902 249 1229691 120219337 92 127358733 612324 150652438 3 120691495 227 122969308 967 442317595 957 
es250fst11bd 112889613 661 1904 249 1090953 115706398 95 122143575 596867 151872478 3 115811765 242 118802845 953 405209525 1096 
es250fst12bd 119035256 619 1744 249 1077976 122284696 88 128078088 468393 159610475 3 122558117 194 123215151 849 374385106 1124 
es250fst13bd 116049496 684 1986 249 1362232 119164662 95 121401549 756650 156912699 3 119116489 226 124357096 1004 393367677 978 
es250fst14bd 116188791 710 2092 249 1070135 120831612 124 124732811 946921 164800389 4 120836339 233 123005421 1120 415094783 1325 
es250fst15bd 115558198 713 2106 249 1043469 119352619 98 121722215 1032508 163369064 3 121391097 293 123554992 1107 446566872 1166 
es500fst01bd 162978810 1250 3526 499 843234 167333924 647 -1 -1 215568949 100 168211560 1438 170786801 6111 625690029 20842 
es500fst02bd 160756854 1408 4112 499 942130 165979451 429 -1 -1 226137179 22 166924169 1249 167660402 7489 596497125 17539 
es500fst03bd 162664661 1337 3866 499 835727 167570413 397 -1 -1 226705820 14 169200913 1255 170769137 6924 708354827 18958 
es500fst04bd 164110997 1296 3758 499 900950 170342739 369 -1 -1 225299428 13 169828352 981 171610811 6523 593871323 13055 
es500fst05bd 160586161 1172 3254 499 789678 163864047 297 -1 -1 211772222 6 165049728 941 167707189 5012 661513982 10723 
es500fst06bd 164685074 1335 3864 499 869966 170700184 397 -1 -1 229965150 7 171430296 1113 173001862 6636 621056570 16951 
es500fst07bd 160124233 1214 3400 499 797376 164239227 336 -1 -1 205274304 6 165299519 985 166759639 5386 646379064 11759 
es500fst08bd 161248138 1349 3944 499 849641 165410711 372 -1 -1 232954958 6 167307868 1145 169432730 6793 621464312 16205 
es500fst09bd 162100435 1294 3706 499 885174 166936036 308 -1 -1 218021874 5 167850081 905 172102578 6206 636551164 15687 
es500fst10bd 155581203 1203 3358 499 798115 160368541 304 -1 -1 207357251 5 161351456 1046 163321208 5487 635579127 14483 
es500fst11bd 161674316 1274 3616 499 848821 166913798 357 -1 -1 214322219 5 167050480 961 170108004 6195 656100992 15821 
es500fst12bd 164009591 1322 3836 499 878034 169719017 323 -1 -1 222209538 5 169320332 918 172582920 6171 597121744 14875 
es500fst13bd 161324201 1273 3628 499 744209 166512050 326 -1 -1 219343223 5 168386028 997 170365913 6077 644469176 15966 
es500fst14bd 165984329 1477 4408 499 849849 171230747 367 -1 -1 239806649 4 172551658 1251 175580589 8063 636895762 27898 
es500fst15bd 160758467 1334 3854 499 967248 166661778 361 -1 -1 220405358 3 166790959 1046 167709250 6319 622716349 12057 
es1000fst01bd 230535806 2865 8534 999 564886 240588661 1952 -1 -1 328007807 69 240764455 7390 244826194 114353 -1 -1 
es1000fst02bd 227886471 2629 7586 999 556572 235537865 1531 -1 -1 318268525 22 235231309 7138 239665731 97232 -1 -1 
es1000fst03bd 227807756 2762 8094 999 634643 236170544 1632 -1 -1 313204657 18 236689263 7207 241035030 110470 -1 -1 
es1000fst04bd 230200846 2778 8166 999 639406 237873466 1667 -1 -1 315228236 14 237411425 6888 243122441 113400 -1 -1 
es1000fst05bd 228330602 2676 7788 999 646839 236482246 1404 -1 -1 318556928 16 236604467 6383 242646687 99627 -1 -1 
es1000fst06bd 231028456 2815 8324 999 594288 239107655 1720 -1 -1 326267151 11 239215917 7948 243035408 114004 -1 -1 
es1000fst07bd 230945623 2604 7512 999 728617 239001670 1522 -1 -1 310259195 9 239150667 5509 243163906 94303 -1 -1 
es1000fst08bd 230639115 2834 8414 999 582780 239059923 1685 -1 -1 325788491 8 240481518 7839 244790561 116073 -1 -1 
es1000fst09bd 227745838 2846 8374 999 653766 236430930 1635 -1 -1 336675641 8 238222273 7766 242552630 121550 -1 -1 
es1000fst10bd 229267101 2546 7240 999 720723 236484249 1383 -1 -1 306243296 21 236961539 6318 241671447 87050 -1 -1 
es1000fst11bd 231605619 2763 8076 999 627993 238800304 1695 -1 -1 328433789 6 240031168 5596 244779232 108913 -1 -1 
es1000fst12bd 230904712 2984 8968 999 580243 239633363 1751 -1 -1 334244942 6 240905794 6659 246135122 135915 -1 -1 
es1000fst13bd 228031092 2532 7230 999 724580 235287114 1342 -1 -1 307616227 7 234866578 5991 238007142 83325 -1 -1 
es1000fst14bd 234318491 2840 8400 999 548076 242286063 1531 -1 -1 338218521 9 243041867 7819 247364041 117611 -1 -1 
es1000fst15bd 229965775 2733 7994 999 656280 237285758 1592 -1 -1 315622501 20 239715599 6452 243593279 110182 -1 -1 
diw0234bd 1996 5349 20172 24 13 2170 443 -1 -1 4343 146 2040 578 2626 361739 3025 4300 
diw0250bd 350 353 1216 10 13 360 5 -1 -1 907 1 355 4 355 118 477 12 
diw0260bd 468 539 1970 11 13 468 7 -1 -1 502 2 468 12 480 498 629 111 
diw0313bd 397 468 1644 13 13 423 19 -1 -1 556 2 397 13 472 222 611 21 
diw0393bd 302 212 762 10 13 317 9 -1 -1 472 1 307 3 317 42 456 4 
diw0445bd 1363 1804 6622 32 13 1423 68 -1 -1 1993 10 1388 108 1670 17029 2322 538 
diw0459bd 1362 3636 13578 24 13 1420 37 -1 -1 5304 19 1377 306 1641 144702 3200 944 
diw0460bd 345 339 1158 12 13 386 4 -1 -1 488 1 345 5 382 141 558 14 
diw0473bd 1098 2213 8270 24 13 1110 22 -1 -1 1328 6 1115 112 1266 40700 1655 1290 
diw0487bd 1424 2414 8772 24 13 1484 25 -1 -1 2010 6 1466 155 1600 56915 2073 584 
diw0495bd 616 938 3310 9 13 629 8 -1 -1 1047 1 626 25 689 3359 846 27 
diw0513bd 604 918 3368 9 13 618 9 -1 -1 648 2 623 11 735 3294 735 22 
diw0523bd 561 1080 4030 9 13 561 7 -1 -1 561 2 561 13 596 5365 622 30 
diw0540bd 374 286 930 9 13 407 3 -1 -1 546 1 374 3 384 102 598 4 
diw0559bd 1570 3738 14026 17 13 1699 38 -1 -1 2848 10 1613 156 1806 212764 2370 452 
diw0778bd 2173 7231 27454 23 13 2338 117 -1 -1 9998 28 2208 467 3974 1597240 4452 3159 
diw0779bd 4440 11821 45032 49 13 5109 531 -1 -1 11997 225 4683 2188 -1 -1 -1 -1 
diw0795bd 1550 3221 11876 9 13 1793 36 -1 -1 2578 8 1630 98 -1 -1 -1 -1 
diw0801bd 1587 3023 11150 9 13 1646 49 -1 -1 2303 8 1609 67 -1 -1 -1 -1 
diw0819bd 3399 10553 40132 31 13 3717 242 -1 -1 7688 41 3452 1172 -1 -1 -1 -1 
diw0820bd 4167 11749 44768 36 13 4783 446 -1 -1 14970 39 4283 1671 -1 -1 -1 -1 
dmxa0296bd 344 233 772 11 13 359 47 380 11346 626 13 351 58 389 337 561 119 
dmxa0296bd 344 233 772 11 13 359 47 380 11346 626 13 351 58 389 337 561 119 
dmxa0368bd 1017 2050 7352 17 13 1101 157 -1 -1 1279 46 1036 179 1361 9734 1491 1581 
dmxa0454bd 914 1848 6572 15 13 1001 34 -1 -1 1919 27 958 79 1216 9587 1621 312 
dmxa0628bd 275 169 560 9 13 295 2 -1 -1 323 2 295 2 340 27 435 5 
dmxa0734bd 506 663 2308 10 13 550 6 -1 -1 1778 6 506 13 541 562 835 46 
dmxa0848bd 594 499 1722 15 13 619 18 -1 -1 1099 4 602 20 879 288 959 89 
dmxa0903bd 580 632 2174 9 13 608 12 -1 -1 912 4 603 9 806 486 826 23 
dmxa1010bd 1488 3983 14216 22 13 1532 30 -1 -1 1942 29 1504 249 1663 73826 2160 1494 
dmxa1109bd 454 343 1118 16 13 488 6 -1 -1 587 3 465 7 590 78 792 17 
dmxa1200bd 750 770 2766 20 13 776 22 -1 -1 1164 4 766 21 948 558 1153 61 
dmxa1304bd 311 298 1006 9 13 327 3 -1 -1 453 1 329 4 387 43 484 8 
dmxa1516bd 508 720 2538 10 13 543 5 -1 -1 1421 4 533 11 693 753 798 125 
dmxa1721bd 780 1005 3462 17 13 789 7 -1 -1 1070 4 801 28 853 1349 1113 91 
dmxa1801bd 1365 2333 8274 16 13 1481 55 -1 -1 2267 6 1420 88 2282 18215 2101 288 
gap1307bd 549 342 1104 16 13 572 95 -1 -1 872 21 559 133 574 522 859 251 
gap1413bd 457 541 1812 9 13 477 34 -1 -1 572 15 470 52 607 351 575 66 
gap1500bd 254 220 748 16 13 254 13 -1 -1 341 3 254 24 281 63 388 26 
gap1810bd 482 429 1404 16 13 487 30 -1 -1 826 5 499 20 545 121 982 32 
gap1904bd 763 735 2512 20 13 815 64 -1 -1 1067 9 778 25 854 529 1391 54 
gap2007bd 1104 2039 7096 16 13 1155 28 -1 -1 1367 24 1140 78 1325 7654 1470 274 
gap2119bd 1244 1724 5950 28 13 1341 48 -1 -1 2045 22 1307 94 1392 4879 2147 409 
gap2740bd 745 1196 4168 13 13 787 15 -1 -1 880 6 745 41 921 1761 988 70 
gap2800bd 386 386 1306 11 13 391 4 -1 -1 462 2 386 7 421 100 503 9 
gap2975bd 245 179 586 9 13 255 2 -1 -1 385 1 245 2 278 12 404 3 
gap3036bd 457 346 1166 12 13 477 5 -1 -1 726 1 473 6 549 103 733 8 
gap3100bd 640 921 3116 10 13 715 6 -1 -1 975 4 682 17 718 1298 809 26 
gap3128bd 4292 10393 36086 103 13 4500 291 -1 -1 9019 46 4447 3483 5517 734447 -1 -1 
msm0580bd 467 338 1082 10 13 500 79 -1 -1 738 18 490 76 517 608 659 207 
msm0654bd 823 1290 4540 9 13 852 66 -1 -1 870 35 838 60 891 2434 924 363 
msm0709bd 884 1442 4806 15 13 960 59 -1 -1 1668 25 884 48 1048 2503 1227 413 
msm0920bd 806 752 2528 25 13 826 58 -1 -1 1244 10 830 38 1079 517 1499 138 
msm1008bd 494 402 1390 10 13 518 20 -1 -1 848 3 537 6 754 261 727 17 
msm1234bd 550 933 3264 12 13 563 12 -1 -1 642 9 563 21 625 814 665 81 
msm1477bd 1068 1199 4156 30 13 1140 42 -1 -1 1788 6 1109 72 1282 1412 2050 796 
msm1707bd 564 278 956 10 13 577 5 -1 -1 939 2 574 3 669 51 678 7 
msm1844bd 188 90 270 9 13 196 3 -1 -1 253 0 196 1 193 4 317 2 
msm1931bd 604 875 3044 9 13 617 7 -1 -1 698 4 604 13 761 1059 692 34 
msm2000bd 594 898 3124 9 13 607 8 -1 -1 685 4 599 16 702 1315 798 32 
msm2152bd 1590 2132 7404 36 13 1789 71 -1 -1 3349 11 1649 153 2180 9513 3468 566 
msm2326bd 399 418 1446 13 13 427 5 -1 -1 528 1 409 8 471 88 691 19 
msm2492bd 1459 4045 14188 11 13 1464 38 -1 -1 1833 19 1464 139 1754 72756 1733 294 
msm2525bd 1290 3031 10478 11 13 1303 28 -1 -1 1517 9 1298 85 1548 35433 1609 259 
msm2601bd 1440 2961 10200 15 13 1579 44 -1 -1 2071 9 1458 112 2061 30730 2122 1104 
msm2705bd 714 1359 4916 12 13 786 12 -1 -1 1248 7 735 30 1130 2418 1150 87 
msm2802bd 926 1709 5926 17 13 1117 18 -1 -1 1214 4 951 60 1091 4114 1497 208 
msm2846bd 3135 3263 11566 88 13 3397 212 -1 -1 7844 9 3252 621 4068 36582 6772 3129 
msm3277bd 869 1704 5982 11 13 877 14 -1 -1 939 4 869 37 964 4997 1070 278 
msm3676bd 607 957 3108 9 13 696 9 -1 -1 784 2 607 18 725 1014 854 27 
msm3727bd 1376 4640 16510 20 13 1514 53 -1 -1 3162 20 1421 289 1808 81417 2875 1037 
msm3829bd 1571 4221 14510 11 13 1722 39 -1 -1 2292 13 1637 230 2420 103161 2037 688 
msm4038bd 353 237 780 10 13 367 1 -1 -1 417 1 369 3 375 42 417 5 
msm4114bd 393 402 1380 15 13 403 4 -1 -1 835 1 403 8 433 90 696 12 
msm4190bd 381 391 1332 15 13 399 3 -1 -1 821 1 381 8 401 89 561 11 
msm4224bd 311 191 604 10 13 320 2 -1 -1 392 0 315 2 372 30 493 5 
msm4312bd 2016 5181 17786 9 13 2244 65 -1 -1 3076 17 2090 142 3248 213709 2755 395 
msm4414bd 408 317 952 10 13 408 2 -1 -1 550 0 408 3 408 57 523 10 
msm4515bd 630 777 2716 12 13 726 12 -1 -1 917 2 660 15 984 837 892 44 
taq0014bd 5326 6466 22092 127 13 6173 958 -1 -1 14815 164 5598 2687 7620 311969 -1 -1 
taq0023bd 621 572 1926 10 13 696 10 -1 -1 819 2 635 13 788 369 946 369 
taq0365bd 1914 4186 14148 21 13 2111 67 -1 -1 3197 28 1999 227 2525 97403 3320 2617 
taq0377bd 6393 6836 23430 135 13 6855 972 -1 -1 17114 31 6661 3239 8337 348184 -1 -1 
taq0431bd 897 1128 3810 12 13 933 15 -1 -1 1354 4 907 21 1203 2243 -1 -1 
taq0631bd 581 609 1864 9 13 591 8 -1 -1 964 2 601 8 766 386 -1 -1 
taq0739bd 848 837 2876 15 13 979 10 -1 -1 1628 12 877 19 1017 948 -1 -1 
taq0741bd 847 712 2434 15 13 897 13 -1 -1 1877 2 899 16 1266 999 -1 -1 
taq0751bd 939 1051 3582 15 13 980 16 -1 -1 2299 2 1016 42 1242 1747 -1 -1 
taq0891bd 319 331 1120 9 13 324 2 -1 -1 393 1 321 3 321 72 -1 -1 
taq0903bd 5099 6163 20980 129 13 5731 572 -1 -1 15648 20 5354 2509 7075 271405 -1 -1 
taq0910bd 370 310 1028 16 13 370 3 -1 -1 596 0 380 6 415 37 -1 -1 
taq0920bd 210 122 388 16 13 210 1 -1 -1 323 0 215 2 230 6 -1 -1 
taq0978bd 566 777 2478 9 13 586 7 -1 -1 711 2 571 11 633 469 -1 -1 
b01bd 82 50 126 8 10 85 12 84 138 88 5 85 17 82 45 88 30 
b02bd 83 50 126 12 10 85 8 92 66 98 2 90 16 83 42 124 20 
b03bd 138 50 126 24 10 138 13 140 58 148 2 138 19 138 23 180 29 
b04bd 59 50 200 8 10 62 5 59 70 63 2 62 5 59 11 69 9 
b05bd 61 50 200 12 10 66 8 66 71 84 2 62 10 64 21 83 9 
b06bd 122 50 200 24 10 126 16 129 73 146 4 127 17 123 23 186 15 
b07bd 111 75 188 12 10 111 6 111 161 154 3 111 16 112 24 165 12 
b08bd 104 75 188 18 10 104 8 107 188 123 3 104 25 109 22 156 14 
b09bd 220 75 188 37 10 226 13 228 156 230 4 222 30 220 33 404 16 
b10bd 86 75 300 12 10 90 8 97 211 92 2 90 10 91 13 111 7 
b11bd 88 75 300 18 10 97 11 92 215 110 2 90 13 93 8 126 6 
b12bd 174 75 300 37 10 178 11 178 272 249 1 174 14 178 34 303 10 
b13bd 165 100 250 16 10 179 7 186 544 189 2 177 5 186 21 246 6 
b14bd 235 100 250 24 10 236 11 238 509 283 2 244 5 238 60 314 5 
b15bd 318 100 250 49 10 326 13 326 599 342 2 322 10 318 18 501 16 
b16bd 127 100 400 16 10 133 8 135 656 148 1 134 2 134 15 174 4 
b17bd 131 100 400 24 10 132 14 132 723 151 1 132 3 135 17 184 5 
b18bd 218 100 400 49 10 229 22 223 671 300 1 222 6 222 28 372 10 
c01bd 85 500 1250 4 10 85 29 85 326757 88 27 86 54 99 206 89 71 
c02bd 144 500 1250 9 10 144 39 144 249359 197 13 144 53 144 104 190 92 
c03bd 754 500 1250 82 10 771 130 784 281152 965 7 766 100 783 327 1386 167 
c04bd 1079 500 1250 124 10 1103 197 1131 297740 1300 7 1090 79 1117 234 1980 245 
c05bd 1579 500 1250 249 10 1601 135 1631 237057 1729 7 1594 152 1590 495 3184 721 
c06bd 55 500 2000 4 10 68 9 59 428752 71 5 56 3 56 110 61 9 
c07bd 102 500 2000 9 10 106 6 105 386499 118 5 106 7 109 39 125 21 
c08bd 509 500 2000 82 10 524 36 531 414247 625 5 525 54 525 124 765 146 
c09bd 707 500 2000 124 10 736 38 741 426131 944 9 721 83 735 194 1241 234 
c10bd 1093 500 2000 249 10 1115 64 1128 427170 1473 6 1112 172 1103 456 2101 652 
c11bd 32 500 5000 4 10 32 6 32 497305 43 7 35 5 37 327 35 7 
c12bd 46 500 5000 9 10 52 6 49 705985 58 6 48 11 50 242 62 12 
c13bd 258 500 5000 82 10 267 20 272 602048 380 7 267 71 271 121 395 173 
c14bd 323 500 5000 124 10 334 25 336 723601 458 5 336 101 335 131 508 232 
c15bd 556 500 5000 249 10 568 49 573 830857 888 5 566 195 565 500 985 578 
c16bd 11 500 25000 4 10 13 19 13 971682 13 9 11 25 12 383 12 35 
c17bd 18 500 25000 9 10 19 21 19 792020 22 8 19 50 19 183 19 63 
c18bd 113 500 25000 82 10 115 29 115 713528 170 11 126 398 127 452 160 474 
c19bd 146 500 25000 124 10 150 58 151 639087 246 10 160 608 158 148 219 735 
c20bd 267 500 25000 249 10 267 91 267 611004 438 12 269 743 272 875 422 1655 
i080-001bd 1787 80 240 5 209 1968 14 1787 302 2187 6 1787 19 2235 98 1892 31 
i080-002bd 1607 80 240 5 207 1607 10 1608 186 2197 3 1799 12 1790 16 1797 13 
i080-003bd 1713 80 240 5 209 1713 5 1713 208 1713 3 1713 9 1899 17 1713 11 
i080-004bd 1866 80 240 5 296 1866 8 1957 211 2077 2 1866 8 2464 13 2462 10 
i080-005bd 1790 80 240 5 210 2094 6 1885 246 2187 4 2140 7 2612 18 1896 8 
i080-011bd 1479 80 700 5 312 1489 18 1488 312 1706 6 1585 9 2656 29 1611 10 
i080-012bd 1484 80 700 5 307 1494 12 1494 265 1984 3 1601 8 2123 19 1500 9 
i080-013bd 1381 80 700 5 307 1383 10 1383 367 1774 2 1481 7 1463 16 1481 8 
i080-014bd 1397 80 700 5 306 1397 8 1397 376 1995 1 1588 6 1752 16 1569 5 
i080-015bd 1495 80 700 5 307 1496 7 1496 307 1604 2 1602 6 2068 16 1596 6 
i080-021bd 1175 80 6320 5 310 1175 72 1175 218 1478 14 1471 13 1357 64 1175 13 
i080-022bd 1178 80 6320 5 310 1178 23 1178 394 1503 8 1477 7 1354 80 1178 8 
i080-023bd 1174 80 6320 5 302 1174 16 1174 379 1482 4 1471 12 1545 73 1174 6 
i080-024bd 1161 80 6320 5 307 1161 15 1161 360 1490 4 1473 9 1161 60 1161 9 
i080-025bd 1162 80 6320 5 310 1162 12 1162 332 1487 2 1483 7 1338 61 1162 5 
i080-031bd 1570 80 320 5 207 1679 1 1570 275 2065 1 1765 1 1951 7 1865 3 
i080-032bd 2088 80 320 5 205 2089 2 2180 286 2600 1 2282 1 3252 36 2380 4 
i080-033bd 1794 80 320 5 211 1815 2 1899 284 2104 0 1886 1 1895 5 1899 4 
i080-034bd 1688 80 320 5 209 1771 2 1772 283 2080 1 1882 1 2069 10 2044 3 
i080-035bd 1862 80 320 5 297 1862 2 1862 243 2172 1 1869 2 2347 19 2163 3 
i080-041bd 1276 80 1264 5 306 1279 2 1279 333 1579 0 1600 1 1372 23 1279 4 
i080-042bd 1287 80 1264 5 305 1287 3 1287 393 1770 1 1449 3 2611 39 1377 4 
i080-043bd 1295 80 1264 5 309 1297 2 1297 445 1801 0 1594 2 1719 28 1377 2 
i080-044bd 1366 80 1264 5 304 1366 2 1366 446 1702 0 1576 2 2004 28 1389 3 
i080-045bd 1310 80 1264 5 300 1362 2 1362 448 1755 1 1456 2 1915 33 1391 2 
i080-101bd 2608 80 240 7 312 2704 2 2708 246 3165 1 2708 2 2764 9 3588 3 
i080-102bd 2403 80 240 7 294 2405 2 2405 237 2684 1 2405 2 2874 4 2684 3 
i080-103bd 2603 80 240 7 216 2672 1 2672 223 3281 1 2672 2 3342 5 3305 2 
i080-104bd 2486 80 240 7 208 2580 1 2867 212 3276 1 2775 2 3256 5 3073 3 
i080-105bd 2203 80 240 7 307 2203 1 2203 243 2503 1 2203 2 2203 3 3011 3 
i080-111bd 2051 80 700 7 306 2054 1 2069 241 2736 1 2163 2 2719 9 2259 2 
i080-112bd 1885 80 700 7 209 1893 1 1893 242 2669 1 1893 2 2165 13 2173 3 
i080-113bd 1884 80 700 7 306 1984 1 1984 256 2485 1 2072 2 2383 17 2096 3 
i080-114bd 1895 80 700 7 307 1895 1 1895 394 2786 1 2304 2 2271 17 2203 2 
i080-115bd 1868 80 700 7 302 1877 0 1877 366 2361 1 1870 1 2256 13 1980 2 
i080-121bd 1561 80 6320 7 309 1561 6 1561 287 2095 2 2054 8 1932 67 1561 5 
i080-122bd 1561 80 6320 7 314 1561 8 1561 214 2085 1 2060 5 2110 61 1561 4 
i080-123bd 1569 80 6320 7 309 1569 6 1569 349 2084 2 2061 4 1918 61 1569 4 
i080-124bd 1555 80 6320 7 310 1555 8 1555 279 2113 1 2032 3 1927 56 1555 5 
i080-125bd 1572 80 6320 7 317 1572 7 1572 246 2096 1 2061 4 2102 86 1572 5 
i080-131bd 2284 80 320 7 212 2466 1 2371 275 3053 0 2474 1 2668 10 2869 2 
i080-132bd 2180 80 320 7 306 2197 1 2197 225 2864 0 2402 1 2931 8 2668 1 
i080-133bd 2261 80 320 7 307 2263 2 2272 271 3107 1 2261 1 3330 14 2513 1 
i080-134bd 2070 80 320 7 209 2092 2 2090 267 2677 1 2173 2 2664 5 2186 1 
i080-135bd 2102 80 320 7 300 2108 1 2108 335 2597 1 2102 0 2938 11 2405 1 
i080-141bd 1788 80 1264 7 303 1823 3 1823 458 2476 1 2044 2 2711 29 1970 3 
i080-142bd 1708 80 1264 7 301 1708 3 1708 461 2476 1 1964 1 2245 22 1906 2 
i080-143bd 1767 80 1264 7 305 1777 4 1777 459 2165 1 2076 2 2318 17 1876 2 
i080-144bd 1772 80 1264 7 305 1772 2 1772 459 2389 1 2100 2 2703 26 1874 1 
i080-145bd 1762 80 1264 7 306 1762 3 1762 442 2553 0 2171 2 2321 28 1988 2 
i080-201bd 4760 80 240 15 306 5046 3 5229 234 5789 0 4964 2 4764 6 6926 2 
i080-202bd 4650 80 240 15 306 4680 3 4680 201 5364 1 4680 1 5246 7 6632 2 
i080-203bd 4599 80 240 15 307 4814 4 4807 207 5005 0 4814 2 4708 6 6399 3 
i080-204bd 4492 80 240 15 308 4583 2 4714 206 4818 1 4976 2 5212 11 5200 2 
i080-205bd 4564 80 240 15 309 4660 2 4764 192 4963 0 5055 1 5154 5 5464 2 
i080-211bd 3631 80 700 15 309 3746 4 3746 347 4147 0 4008 2 4701 18 4032 2 
i080-212bd 3677 80 700 15 305 3794 3 3794 356 4946 0 4616 2 4306 8 4176 3 
i080-213bd 3678 80 700 15 309 3751 4 3751 279 4452 1 4489 2 4334 11 4373 3 
i080-214bd 3734 80 700 15 309 3759 2 3759 359 4845 0 4581 2 4680 17 4337 3 
i080-215bd 3681 80 700 15 307 3767 2 3767 303 4768 0 4547 2 4714 15 4179 3 
i080-221bd 3158 80 6320 15 312 3158 7 3158 356 4490 2 4386 8 4270 59 3158 9 
i080-222bd 3141 80 6320 15 312 3141 8 3141 239 4471 2 4360 7 4374 74 3141 7 
i080-223bd 3156 80 6320 15 310 3156 6 3156 296 4486 3 4387 8 4021 56 3156 7 
i080-224bd 3159 80 6320 15 312 3159 6 3159 216 4496 3 4374 9 4007 50 3159 7 
i080-225bd 3150 80 6320 15 312 3150 8 3150 384 4455 2 4361 10 4204 67 3150 7 
i080-231bd 4354 80 320 15 298 4466 0 4563 256 5323 0 5046 1 5044 6 5367 3 
i080-232bd 4199 80 320 15 301 4399 3 4392 294 5258 1 4563 3 5625 6 5071 3 
i080-233bd 4118 80 320 15 301 4265 0 4265 340 4930 1 4843 1 4917 7 5210 2 
i080-234bd 4274 80 320 15 306 4274 1 4362 361 4807 1 4546 2 5068 5 5561 3 
i080-235bd 4487 80 320 15 310 4490 1 4490 360 5678 1 4936 1 4859 7 5523 3 
i080-241bd 3538 80 1264 15 308 3589 1 3589 468 4854 1 4463 2 4472 20 3979 3 
i080-242bd 3458 80 1264 15 310 3503 2 3503 455 4928 0 4568 2 4642 25 3672 3 
i080-243bd 3474 80 1264 15 307 3494 2 3494 437 4251 1 4548 2 4939 25 3787 3 
i080-244bd 3466 80 1264 15 304 3583 1 3646 411 4748 1 3699 2 4551 21 3882 3 
i080-245bd 3467 80 1264 15 308 3559 2 3559 375 4732 1 4455 2 4573 23 3851 3 
i080-301bd 5519 80 240 19 306 5703 1 5703 203 6813 0 5628 1 6280 7 7589 4 
i080-302bd 5944 80 240 19 301 6139 1 6141 246 6375 0 6236 2 6728 7 8369 3 
i080-303bd 5777 80 240 19 309 5978 2 5978 254 6762 0 6176 1 6520 5 7600 4 
i080-304bd 5586 80 240 19 309 5586 1 5693 244 6615 1 6064 2 5790 4 8294 3 
i080-305bd 5932 80 240 19 301 5966 1 6063 199 6614 0 6111 1 6626 6 7786 3 
i080-311bd 4554 80 700 19 306 4762 1 4762 268 6233 0 5853 2 6048 17 5318 3 
i080-312bd 4534 80 700 19 306 4659 1 4659 310 5864 0 5779 2 5033 14 5243 3 
i080-313bd 4509 80 700 19 307 4638 2 4638 408 5846 1 5858 3 5559 16 5410 4 
i080-314bd 4515 80 700 19 306 4554 1 4554 392 5126 0 5455 2 6307 11 5126 3 
i080-315bd 4459 80 700 19 310 4474 1 4474 356 6125 0 5756 2 5750 16 5308 3 
i080-321bd 3932 80 6320 19 311 3932 8 3932 269 5674 2 5527 12 5396 78 3932 8 
i080-322bd 3937 80 6320 19 315 3937 9 3937 203 5647 2 5506 13 4583 79 3937 9 
i080-323bd 3946 80 6320 19 314 3946 9 3946 342 5689 2 5525 13 4768 67 3946 8 
i080-324bd 3932 80 6320 19 310 3932 8 3932 250 5692 2 5517 12 5333 55 3932 8 
i080-325bd 3924 80 6320 19 313 3924 8 3924 219 5702 2 5534 12 4967 67 3924 8 
i080-331bd 5226 80 320 19 308 5334 1 5334 360 6291 0 5857 2 6345 5 6682 3 
i080-332bd 5362 80 320 19 307 5388 1 5388 313 6027 0 5574 2 6595 5 6873 3 
i080-333bd 5381 80 320 19 301 5467 1 5467 346 6055 0 5928 3 6612 8 7052 3 
i080-334bd 5264 80 320 19 309 5269 1 5279 354 5971 3 5373 2 6273 6 7235 3 
i080-335bd 4953 80 320 19 304 5062 1 5059 338 5863 1 5820 2 5729 5 5807 3 
i080-341bd 4236 80 1264 19 308 4268 2 4268 261 6000 1 5728 3 5217 15 4725 4 
i080-342bd 4337 80 1264 19 310 4375 2 4375 264 5744 0 5616 3 5069 15 4839 3 
i080-343bd 4246 80 1264 19 311 4371 3 4445 276 5641 0 5641 2 5376 24 4771 3 
i080-344bd 4310 80 1264 19 311 4459 2 4405 280 5732 0 5682 3 5066 23 4886 4 
i080-345bd 4341 80 1264 19 310 4451 2 4451 293 6013 0 5697 3 4857 13 4749 4 
i160-001bd 2490 160 480 6 209 2513 25 2513 3090 3197 11 2566 40 2870 136 2609 57 
i160-002bd 2158 160 480 6 294 2256 21 2255 3768 2758 9 2160 26 2820 69 2568 28 
i160-003bd 2297 160 480 6 302 2297 12 2531 4345 3038 6 2389 14 2598 28 2904 23 
i160-004bd 2370 160 480 6 305 2628 9 2684 3479 3464 3 2495 11 2888 27 3280 21 
i160-005bd 2495 160 480 6 210 2713 10 2594 3429 3193 2 2701 10 3364 29 2884 14 
i160-011bd 1677 160 1624 6 306 1677 16 1677 5776 2163 6 1762 13 2425 53 1787 13 
i160-012bd 1750 160 1624 6 209 1774 16 1774 4739 2346 5 1943 13 3715 81 1897 12 
i160-013bd 1661 160 1624 6 298 1759 18 1759 5152 2163 2 1785 9 2229 49 1862 10 
i160-014bd 1778 160 1624 6 300 1796 10 1796 4744 2249 3 1948 7 2886 68 2064 7 
i160-015bd 1768 160 1624 6 300 1855 13 1768 4858 2260 5 1971 6 2576 57 2082 5 
i160-021bd 1352 160 25440 6 307 1352 106 1352 4570 1797 14 1764 45 1352 839 1352 42 
i160-022bd 1365 160 25440 6 308 1365 65 1365 4084 1811 11 1771 31 1717 880 1365 41 
i160-023bd 1351 160 25440 6 307 1351 41 1351 4061 1771 12 1755 27 1709 749 1351 37 
i160-024bd 1371 160 25440 6 307 1371 37 1371 4267 1789 10 1768 33 1926 1005 1371 28 
i160-025bd 1366 160 25440 6 311 1366 54 1366 4463 1793 8 1762 30 1914 884 1366 42 
i160-031bd 2170 160 640 6 294 2170 1 2373 3601 2485 1 2170 2 2583 16 2467 2 
i160-032bd 2330 160 640 6 295 2425 2 2425 3244 3211 1 2425 2 2558 22 2782 3 
i160-033bd 2101 160 640 6 214 2107 1 2107 3720 2695 1 2285 2 2618 19 2278 3 
i160-034bd 2083 160 640 6 210 2211 1 2083 3558 2584 1 2267 2 3551 17 2672 3 
i160-035bd 2103 160 640 6 306 2103 1 2103 4002 2978 1 2256 2 3125 27 2431 3 
i160-041bd 1494 160 5088 6 297 1543 5 1543 4873 2032 2 1736 4 1811 186 1654 6 
i160-042bd 1486 160 5088 6 304 1486 6 1486 4488 2337 2 1733 13 2011 223 1663 5 
i160-043bd 1549 160 5088 6 306 1561 5 1561 4463 1967 2 1780 4 1824 209 1575 4 
i160-044bd 1478 160 5088 6 312 1478 6 1478 4434 2265 2 1676 4 3704 210 1655 5 
i160-045bd 1554 160 5088 6 300 1560 6 1560 4491 2061 2 1762 4 2902 188 1658 5 
i160-101bd 3859 160 480 11 218 3859 2 3970 2967 4654 0 3866 3 4367 14 4757 4 
i160-102bd 3747 160 480 11 207 3824 1 3833 2947 4654 1 4028 3 4164 16 4587 4 
i160-103bd 3837 160 480 11 205 3948 1 3948 3175 4905 0 3837 3 4358 16 4729 5 
i160-104bd 4063 160 480 11 209 4065 2 4065 2972 4665 1 4344 3 4450 12 5153 4 
i160-105bd 3563 160 480 11 300 3655 1 3655 3265 4595 0 3755 3 4619 9 4257 4 
i160-111bd 2869 160 1624 11 305 2869 2 2869 4743 4408 1 3553 3 4015 48 3287 5 
i160-112bd 2924 160 1624 11 302 2944 2 2934 4652 4034 1 3037 2 4360 54 3386 6 
i160-113bd 2866 160 1624 11 302 2898 2 2898 4405 3749 1 3260 3 4285 51 3417 5 
i160-114bd 2989 160 1624 11 304 3047 3 3137 4261 3678 1 3175 3 3777 52 3656 5 
i160-115bd 2937 160 1624 11 307 2944 3 2944 4591 3939 1 3325 3 3817 41 3421 4 
i160-121bd 2363 160 25440 11 311 2363 52 2363 4007 3287 10 3210 52 2901 1239 2363 55 
i160-122bd 2348 160 25440 11 310 2348 41 2348 4525 3296 11 3204 42 3049 1104 2348 55 
i160-123bd 2355 160 25440 11 309 2355 40 2355 3956 3296 11 3210 51 3241 976 2355 32 
i160-124bd 2352 160 25440 11 309 2352 36 2352 4104 3297 7 3240 51 3058 952 2352 54 
i160-125bd 2351 160 25440 11 317 2351 41 2351 4210 3310 11 3218 41 3614 872 2351 53 
i160-131bd 3356 160 640 11 283 3448 2 3455 3604 4093 0 3431 2 4860 15 4074 3 
i160-132bd 3450 160 640 11 304 3585 3 3576 3623 4375 0 3849 3 4296 17 4164 3 
i160-133bd 3585 160 640 11 304 3763 1 3837 3978 5061 0 4071 3 4697 16 4568 4 
i160-134bd 3470 160 640 11 307 3489 2 3489 3772 4577 1 3770 3 5205 23 4708 4 
i160-135bd 3716 160 640 11 291 3766 2 3732 3556 4370 1 3917 2 5265 16 4489 4 
i160-141bd 2549 160 5088 11 307 2650 7 2650 5352 3618 1 3265 7 4726 208 2807 7 
i160-142bd 2562 160 5088 11 309 2634 6 2634 4779 3246 2 3275 6 3453 210 2806 8 
i160-143bd 2557 160 5088 11 305 2663 6 2663 4616 3627 1 3150 7 5652 233 2767 8 
i160-144bd 2607 160 5088 11 306 2612 7 2612 4786 3699 2 2926 6 3127 131 2919 8 
i160-145bd 2578 160 5088 11 307 2578 7 2578 4646 3603 1 3309 6 3907 240 2845 8 
i160-201bd 6923 160 480 23 316 7200 2 7208 2975 7943 0 7613 4 8263 16 9201 8 
i160-202bd 6930 160 480 23 307 7038 1 7038 2822 8111 0 7159 3 8378 19 9563 9 
i160-203bd 7243 160 480 23 307 7433 3 7330 3224 8520 0 7621 4 8935 20 10284 8 
i160-204bd 7068 160 480 23 304 7273 2 7274 3201 8167 1 7852 4 8684 25 8665 8 
i160-205bd 7122 160 480 23 308 7323 2 7409 3526 8022 1 7522 4 8313 21 9909 12 
i160-211bd 5583 160 1624 23 304 5650 4 5665 5372 7200 1 6795 5 7048 44 6602 10 
i160-212bd 5643 160 1624 23 306 5839 3 5839 4588 7507 1 6385 6 7499 47 6743 9 
i160-213bd 5647 160 1624 23 305 5743 4 5743 4339 6576 1 6924 5 7678 41 6509 9 
i160-214bd 5720 160 1624 23 309 5769 3 5769 4530 7247 1 6744 6 7632 54 7127 9 
i160-215bd 5518 160 1624 23 309 5852 3 5849 4560 7007 0 6985 6 7148 51 6351 9 
i160-221bd 4729 160 25440 23 312 4729 50 4729 4056 6920 9 6675 101 6240 648 4729 106 
i160-222bd 4697 160 25440 23 313 4697 46 4697 4366 6879 11 6674 88 6071 1001 4697 100 
i160-223bd 4730 160 25440 23 311 4730 44 4730 4288 6853 11 6686 94 6242 1043 4730 96 
i160-224bd 4721 160 25440 23 318 4721 43 4721 4317 6890 13 6702 98 6060 1001 4721 88 
i160-225bd 4728 160 25440 23 313 4728 43 4728 4027 6918 11 6651 98 6439 632 4728 96 
i160-231bd 6662 160 640 23 307 6742 2 6742 3956 8206 0 7441 4 8806 20 8196 8 
i160-232bd 6558 160 640 23 307 6842 3 7016 3603 8242 1 6972 5 7730 33 8715 8 
i160-233bd 6339 160 640 23 298 6427 1 6427 3369 7780 0 6900 4 7869 31 7762 6 
i160-234bd 6594 160 640 23 308 6610 2 6610 3956 7375 0 6695 4 7812 22 8268 8 
i160-235bd 6764 160 640 23 306 7118 2 6930 3809 7556 0 7926 4 7756 23 7958 6 
i160-241bd 5086 160 5088 23 311 5145 8 5145 4480 7216 1 6824 13 7411 199 5605 13 
i160-242bd 5106 160 5088 23 310 5251 8 5251 4743 7326 1 6814 13 8315 196 5582 13 
i160-243bd 5050 160 5088 23 311 5165 9 5165 4354 7450 1 6813 13 7551 172 5566 13 
i160-244bd 5076 160 5088 23 310 5212 7 5212 4298 6985 2 6781 12 6606 161 5651 14 
i160-245bd 5084 160 5088 23 308 5167 8 5167 4610 7661 1 6809 16 7880 172 5558 13 
i160-301bd 11816 160 480 39 315 12025 3 12130 3018 13533 1 12984 9 13260 27 17691 14 
i160-302bd 11497 160 480 39 311 11640 3 11640 2929 13215 1 12403 7 12952 23 14802 14 
i160-303bd 11445 160 480 39 304 11553 3 11557 3395 12646 0 12391 6 11906 19 16894 13 
i160-304bd 11448 160 480 39 310 11545 3 11542 3187 13575 0 12714 7 12306 18 15735 14 
i160-305bd 11423 160 480 39 306 11520 3 11520 3553 13631 0 12250 7 11962 20 15479 13 
i160-311bd 9135 160 1624 39 310 9242 4 9242 5071 11182 1 11583 9 12155 60 11155 17 
i160-312bd 9052 160 1624 39 310 9288 4 9290 5080 11463 1 10920 9 11629 50 10515 17 
i160-313bd 9159 160 1624 39 309 9209 3 9212 5097 11002 0 11713 9 10521 35 10716 17 
i160-314bd 8941 160 1624 39 312 8958 3 8958 4727 11642 0 11799 14 12041 63 10299 17 
i160-315bd 9086 160 1624 39 306 9225 6 9225 4667 11178 0 9892 15 11045 40 10595 25 
i160-321bd 7876 160 25440 39 317 7903 53 7903 4320 11676 8 11284 154 10031 823 7903 163 
i160-322bd 7859 160 25440 39 315 7892 55 7892 4570 11681 11 11293 150 10199 588 7892 141 
i160-323bd 7876 160 25440 39 316 7883 49 7883 4202 11703 10 11293 158 10231 797 7883 157 
i160-324bd 7884 160 25440 39 312 7912 53 7912 4115 11631 11 11307 159 11163 500 7912 137 
i160-325bd 7862 160 25440 39 318 7915 75 7915 4248 11685 11 11289 142 9301 1017 7915 164 
i160-331bd 10414 160 640 39 313 10614 3 10752 3374 12776 1 11298 6 12569 31 13540 13 
i160-332bd 10806 160 640 39 309 10845 1 10845 3614 11815 0 11506 6 12176 23 14625 13 
i160-333bd 10561 160 640 39 309 10690 3 10651 3611 12470 1 11849 6 11966 18 14812 13 
i160-334bd 10327 160 640 39 310 10716 2 10697 3656 12354 0 11072 7 12431 22 13957 13 
i160-335bd 10589 160 640 39 310 11019 3 10730 3604 12624 1 11667 9 12575 19 14000 12 
i160-341bd 8331 160 5088 39 311 8427 7 8427 4509 11567 2 11424 20 10756 171 9039 22 
i160-342bd 8348 160 5088 39 313 8518 7 8518 4717 11324 1 11460 20 11234 185 9061 22 
i160-343bd 8275 160 5088 39 311 8318 9 8318 4570 11410 2 11487 21 11794 174 8948 22 
i160-344bd 8307 160 5088 39 314 8363 10 8363 4668 10511 1 11464 20 11042 163 9118 22 
i160-345bd 8327 160 5088 39 313 8441 8 8441 4505 11561 1 11440 20 11906 147 9103 23 
mc11bd 11689 400 1520 212 245 12019 556 12056 106839 13845 28 11859 554 11839 972 24814 1206 
mc13bd 92 150 22350 79 45 94 79 95 2470 118 38 117 219 106 704 107 245 
mc2bd 71 120 14280 59 45 75 25 74 1106 94 14 86 94 84 42 86 92 
mc3bd 47 97 9312 44 10 47 16 47 545 50 3 68 31 59 49 48 27 
mc7bd 3417 400 1520 169 45 3656 45 3721 100260 5127 5 3451 103 3537 211 9450 254 
mc8bd 1566 400 1520 187 45 1608 54 1645 74709 1893 5 1619 111 1595 218 3030 387 
p6e619bd 7485 100 360 4 1431 7485 17 7485 565 8240 8 7485 18 7691 67 7592 40 
p6e620bd 8746 100 360 4 1431 9088 21 8746 491 11393 4 8853 13 9901 58 10584 14 
p6e621bd 8688 100 360 4 1431 8688 11 8688 556 8688 6 8688 9 9247 38 8688 14 
p6e622bd 15972 100 360 9 1495 16546 13 16954 580 25422 7 16546 15 20511 36 21245 20 
p6e623bd 19496 100 360 9 1495 19496 15 21420 689 31500 4 20057 12 21237 33 29074 22 
p6e624bd 20246 100 360 19 1477 21127 19 20847 700 46916 2 20442 25 21765 43 41108 33 
p6e625bd 23078 100 360 19 1477 23721 18 24391 706 40342 2 23614 22 24868 80 40470 12 
p6e626bd 22346 100 360 19 1477 22924 13 22710 554 28631 2 22346 18 25254 16 30105 9 
p6e627bd 40647 100 360 49 1484 42067 22 42931 689 81837 2 40748 30 43313 30 89395 23 
p6e628bd 40008 100 360 49 1484 41086 14 41171 631 87703 2 40008 18 41450 30 86731 18 
p6e629bd 43287 100 360 49 1484 44136 14 44690 691 81473 1 43698 6 45008 27 102692 16 
p6e630bd 26125 200 740 9 1475 28595 14 26125 8033 35931 3 26735 7 32386 54 38188 10 
p6e631bd 39067 200 740 19 1475 39773 26 41189 7654 64974 5 42206 5 46386 29 66994 12 
p6e632bd 56217 200 740 39 1475 59114 44 62697 7431 107025 3 56562 12 69786 49 124767 21 
p6e633bd 86268 200 740 99 1475 89101 46 88295 6910 162585 3 86602 26 87734 59 227082 52 
p6z602bd 8083 100 360 4 1498 8445 25 8788 564 13430 9 8083 19 9004 85 10257 36 
p6z603bd 5022 100 360 4 1498 6753 9 5303 494 5420 5 5022 12 5022 34 5465 13 
p6z604bd 11397 100 360 9 1498 11397 14 12180 581 16569 6 11397 18 11397 31 14918 26 
p6z605bd 10355 100 360 9 1498 10355 15 12728 583 12096 6 10355 14 11172 33 17602 16 
p6z606bd 13048 100 360 9 1498 13644 9 13048 596 17611 8 13048 11 13164 25 17900 15 
p6z607bd 15358 100 360 19 1498 15358 21 16572 716 22307 2 15358 21 15636 28 24509 23 
p6z608bd 14439 100 360 19 1498 15661 12 15805 726 18552 2 14439 19 14608 24 20968 15 
p6z609bd 18263 100 360 19 1498 19778 14 18768 674 25315 2 18462 18 18263 17 28685 9 
p6z610bd 30161 100 360 49 1498 31440 28 32377 712 42241 2 30788 29 30782 97 52745 17 
p6z611bd 26903 100 360 49 1498 28103 20 28559 595 39659 2 27247 13 27547 23 51613 12 
p6z612bd 30258 100 360 49 1498 31127 24 31695 712 40807 1 30353 6 31448 31 57806 13 
p6z613bd 18429 200 740 9 1500 19551 19 20029 7787 23172 4 18556 5 21533 29 25770 9 
p6z614bd 27276 200 740 19 1500 28885 31 30305 7724 42543 4 27961 6 29222 40 45054 11 
p6z615bd 42474 200 740 39 1500 44607 35 44172 7216 56304 2 43733 12 47268 31 80211 19 
p6z616bd 62263 200 740 99 1500 65945 49 67637 6863 83274 3 63114 28 64672 47 143157 55 
antiwheel5bd 7 10 30 4 1 7 8 7 22 7 4 7 4 7 14 8 12 
design432bd 9 8 40 3 3 9 3 9 6 10 0 9 1 9 6 9 3 
oddcycle3bd 4 6 18 2 1 4 1 4 1 4 1 4 1 4 2 4 2 
oddwheel3bd 5 7 18 3 1 5 1 5 2 5 0 5 1 5 2 5 2 
se03bd 12 13 42 3 2 12 4 12 10 12 0 12 1 12 8 12 4 
w13c29bd 508 783 4524 405 1 521 447 521 2452316 654 45 565 536 642 3337 914 3368 
w23c23bd 694 1081 6348 551 1 716 224 717 10291753 903 26 766 747 858 3596 1151 6883 
w3c571bd 2854 3997 20556 2283 1 2854 5895 -1 -1 3423 85 3021 58222 3505 381640 -1 -1 
berlin52bd 1044 52 2652 15 429 1125 51 1110 147 3058 25 1069 57 1084 221 1703 127 
brasil58bd 13655 58 3306 24 8700 13812 20 14355 118 36297 6 13682 16 13882 61 22106 43 
alue2087bd 1049 1244 3942 33 13 1055 398 -1 -1 1736 126 1103 341 1218 1234 1874 547 
alue2105bd 1032 1220 3716 33 13 1051 109 -1 -1 1323 19 1055 84 1237 752 1891 287 
alue3146bd 2240 3626 11738 63 13 2374 102 -1 -1 3226 24 2316 668 2896 20813 4921 3256 
alue5067bd 2586 3524 11120 67 13 2753 119 -1 -1 5833 23 2688 609 3104 15739 5280 2508 
alue5345bd 3507 5179 16330 67 13 3699 261 -1 -1 10241 65 3645 1280 4408 73178 8349 7110 
alue5623bd 3413 4472 13876 67 13 3577 204 -1 -1 5753 26 3495 915 4881 48231 7907 4772 
alue5901bd 3912 11543 36858 67 13 4729 373 -1 -1 10457 65 4128 3816 5233 559377 -1 -1 
alue6179bd 2452 3372 10426 66 13 2558 83 -1 -1 5841 12 2483 593 2856 17089 -1 -1 
alue6457bd 3057 3932 12274 67 13 3408 160 -1 -1 8652 18 3166 768 3859 33627 -1 -1 
alue6735bd 2696 4119 13392 67 13 2791 96 -1 -1 6696 20 2764 759 3067 24628 -1 -1 
alue6951bd 2386 2818 8838 66 13 2527 73 -1 -1 7275 12 2519 503 3149 11007 -1 -1 
alue7065bd 23881 34046 109682 543 13 26919 13901 -1 -1 86242 445 24784 334166 -1 -1 -1 -1 
alue7066bd 2256 6405 20908 15 13 2355 82 -1 -1 3550 142 2308 503 -1 -1 -1 -1 
alue7080bd 62449 34479 110988 2343 13 66993 91996 -1 -1 185688 254 64331 6801926 -1 -1 -1 -1 
alue7229bd 824 940 2948 33 13 834 16 -1 -1 1274 2 826 40 -1 -1 -1 -1 
alut0787bd 982 1160 4178 33 13 1002 401 -1 -1 1152 137 989 348 1254 1648 1688 1019 
alut0805bd 958 966 3332 33 13 1003 88 -1 -1 1855 15 966 97 1118 586 1725 175 
alut1181bd 2353 3041 11386 63 13 2609 162 -1 -1 6106 52 2449 506 3267 19872 5954 2316 
alut2010bd 3307 6104 22022 67 13 3448 248 -1 -1 5886 32 3361 1258 4613 111866 -1 -1 
alut2288bd 3843 9070 33190 67 13 4266 301 -1 -1 6617 160 3941 2283 5182 360884 -1 -1 
alut2566bd 3073 5021 18110 67 13 3251 232 -1 -1 5692 16 3198 944 4391 66079 -1 -1 
alut2610bd 12239 33901 125632 203 13 13820 4800 -1 -1 55869 649 12687 471839 -1 -1 -1 -1 
alut2625bd 35459 36711 136234 878 13 38581 40091 -1 -1 148339 1022 -1 -1 -1 -1 -1 -1 
alut2764bd 640 387 1252 33 13 650 11 -1 -1 793 0 -1 -1 -1 -1 -1 -1 
d01bd 106 1000 2500 4 10 111 147 -1 -1 119 85 107 205 119 521 117 296 
d02bd 220 1000 2500 9 10 237 88 -1 -1 310 28 237 84 230 639 285 159 
d03bd 1565 1000 2500 166 10 1604 218 -1 -1 1895 15 1605 204 1598 920 2577 1029 
d04bd 1935 1000 2500 249 10 1977 72 -1 -1 2262 8 1974 334 1960 1036 3414 1509 
d05bd 3250 1000 2500 499 10 3289 119 -1 -1 3703 10 3282 584 3264 2769 6034 3612 
d06bd 67 1000 4000 4 10 70 6 -1 -1 88 9 75 8 83 893 73 15 
d07bd 103 1000 4000 9 10 105 3 -1 -1 117 9 103 15 103 152 133 76 
d08bd 1072 1000 4000 166 10 1099 55 -1 -1 1364 9 1110 208 1107 796 1669 938 
d09bd 1448 1000 4000 249 10 1506 63 -1 -1 1930 8 1509 321 1483 1293 2513 1535 
d10bd 2110 1000 4000 499 10 2142 103 -1 -1 2724 6 2151 766 2129 3164 4264 4202 
d11bd 29 1000 10000 4 10 31 9 -1 -1 42 8 30 12 48 1075 33 23 
d12bd 42 1000 10000 9 10 45 6 -1 -1 66 4 42 22 45 683 58 42 
d13bd 500 1000 10000 166 10 520 42 -1 -1 720 3 527 298 521 963 828 842 
d14bd 667 1000 10000 249 10 690 53 -1 -1 1122 2 690 508 688 1139 1187 1330 
d15bd 1116 1000 10000 499 10 1147 93 -1 -1 1707 3 1143 986 1135 2629 2076 3742 
d16bd 13 1000 50000 4 10 13 39 -1 -1 16 17 13 57 18 4654 14 86 
d17bd 23 1000 50000 9 10 23 39 -1 -1 31 17 23 117 51 6632 30 123 
d18bd 223 1000 50000 166 10 230 134 -1 -1 352 22 253 1368 253 695 341 2463 
d19bd 310 1000 50000 249 10 318 184 -1 -1 519 21 346 2851 359 7500 516 3330 
d20bd 537 1000 50000 499 10 539 384 -1 -1 836 63 545 5040 549 2065 841 7244 
e01bd 111 2500 6250 4 10 115 96 -1 -1 130 157 118 286 118 8203 124 291 
e02bd 214 2500 6250 9 10 246 114 -1 -1 300 36 235 116 271 18433 274 107 
e03bd 4013 2500 6250 416 10 4115 384 -1 -1 4873 20 4127 1725 4175 37574 7644 11305 
e04bd 5101 2500 6250 624 10 5196 354 -1 -1 5808 15 5219 2531 5161 37724 9332 18465 
e05bd 8128 2500 6250 1249 10 8260 634 -1 -1 9209 12 8235 4915 8185 74976 -1 -1 
e06bd 73 2500 10000 4 10 78 11 -1 -1 88 7 78 21 87 17834 -1 -1 
e07bd 145 2500 10000 9 10 147 9 -1 -1 163 11 157 47 167 12799 -1 -1 
e08bd 2640 2500 10000 416 10 2704 255 -1 -1 3633 6 2726 1734 2738 29537 -1 -1 
e09bd 3604 2500 10000 624 10 3731 322 -1 -1 4768 6 3744 3297 3698 50900 -1 -1 
e10bd 5600 2500 10000 1249 10 5715 510 -1 -1 7243 7 5676 5515 5663 76272 -1 -1 
e11bd 34 2500 25000 4 10 37 18 -1 -1 42 11 37 36 37 20124 -1 -1 
e12bd 67 2500 25000 9 10 68 17 -1 -1 80 12 69 77 74 11880 -1 -1 
e13bd 1280 2500 25000 416 10 1321 260 -1 -1 1954 13 1335 2887 1357 36287 -1 -1 
e14bd 1732 2500 25000 624 10 1771 372 -1 -1 2765 10 1782 4042 1839 86344 -1 -1 
e15bd 2784 2500 25000 1249 10 2842 614 -1 -1 4271 13 2828 8386 2823 98845 -1 -1 
e16bd 15 2500 125000 4 10 16 101 -1 -1 21 51 17 153 33 137077 -1 -1 
e17bd 25 2500 125000 9 10 26 94 -1 -1 30 46 26 357 37 18366 -1 -1 
e18bd 564 2500 125000 416 10 596 695 -1 -1 951 59 640 10996 666 35944 -1 -1 
e19bd 758 2500 125000 624 10 777 1290 -1 -1 1266 56 816 15419 829 46907 -1 -1 
e20bd 1342 2500 125000 1249 10 1343 1939 -1 -1 2152 62 1365 31880 1374 62193 -1 -1 
es10000fst01bd 716174280 27019 78814 9999 228668 741290193 467447 -1 -1 1005202733 2441 -1 -1 -1 -1 -1 -1 
i320-001bd 2672 320 960 7 303 2678 108 -1 -1 3468 35 2672 64 3262 275 3564 97 
i320-002bd 2847 320 960 7 211 2847 21 -1 -1 3174 25 2954 23 3133 120 3477 38 
i320-003bd 2972 320 960 7 204 2984 44 -1 -1 3548 13 3233 28 3459 78 3749 43 
i320-004bd 2905 320 960 7 209 2989 21 -1 -1 3680 7 3241 25 3765 210 3519 36 
i320-005bd 2991 320 960 7 294 3093 46 -1 -1 3481 8 3093 17 3763 118 3686 37 
i320-011bd 2053 320 3690 7 213 2061 46 -1 -1 2577 16 2121 29 3396 384 2207 14 
i320-012bd 1997 320 3690 7 214 2062 15 -1 -1 2533 7 2171 11 4046 424 2250 10 
i320-013bd 2072 320 3690 7 302 2072 27 -1 -1 3066 5 2277 8 2293 259 2222 12 
i320-014bd 2061 320 3690 7 307 2073 41 -1 -1 2574 4 2170 9 2548 205 2290 12 
i320-015bd 2059 320 3690 7 214 2070 24 -1 -1 2900 4 2171 10 2834 215 2284 9 
i320-021bd 1553 320 102080 7 310 1553 392 -1 -1 2100 81 2045 222 2279 12297 1553 219 
i320-022bd 1565 320 102080 7 309 1565 318 -1 -1 2127 347 2059 274 1920 18071 1565 216 
i320-023bd 1549 320 102080 7 309 1549 346 -1 -1 2086 59 2071 214 1716 17533 1549 243 
i320-024bd 1553 320 102080 7 306 1553 413 -1 -1 2098 98 2047 299 2085 13706 1553 201 
i320-025bd 1550 320 102080 7 309 1550 306 -1 -1 2101 108 2046 272 1721 14763 1550 281 
i320-031bd 2673 320 1280 7 210 2764 3 -1 -1 3285 13 2877 3 3212 51 2981 6 
i320-032bd 2770 320 1280 7 298 2988 7 -1 -1 3460 2 2982 3 3247 58 3274 5 
i320-033bd 2769 320 1280 7 306 2998 5 -1 -1 3356 2 2865 2 4203 52 3289 5 
i320-034bd 2521 320 1280 7 212 2529 3 -1 -1 3104 2 2617 2 3197 26 2916 4 
i320-035bd 2385 320 1280 7 210 2765 6 -1 -1 3316 2 2656 3 3704 62 2897 5 
i320-041bd 1707 320 20416 7 309 1761 42 -1 -1 2336 12 1840 36 2672 2692 1795 34 
i320-042bd 1682 320 20416 7 305 1686 42 -1 -1 2543 15 2163 42 3930 3272 1854 33 
i320-043bd 1723 320 20416 7 307 1760 42 -1 -1 2546 17 2164 44 2134 1379 1797 36 
i320-044bd 1681 320 20416 7 308 1770 45 -1 -1 2451 53 2080 38 2367 2480 1859 35 
i320-045bd 1686 320 20416 7 304 1686 48 -1 -1 2432 13 2006 43 3207 2809 1862 35 
i320-101bd 5548 320 960 16 208 5554 2 -1 -1 6947 1 5762 6 6336 24 7204 12 
i320-102bd 5556 320 960 16 304 5754 3 -1 -1 7292 1 5930 8 6137 45 7389 11 
i320-103bd 6239 320 960 16 216 6470 3 -1 -1 6852 1 6448 6 7503 40 7834 12 
i320-104bd 5703 320 960 16 307 6057 4 -1 -1 6262 2 6311 8 7084 39 7392 11 
i320-105bd 5928 320 960 16 305 6139 3 -1 -1 6820 1 6232 6 7544 40 7442 10 
i320-111bd 4273 320 3690 16 295 4370 12 -1 -1 5837 2 4470 9 6245 244 4960 22 
i320-112bd 4213 320 3690 16 305 4328 7 -1 -1 5792 3 4496 19 6216 218 5091 14 
i320-113bd 4205 320 3690 16 302 4328 5 -1 -1 5759 2 4567 11 6087 240 4822 16 
i320-114bd 4104 320 3690 16 304 4215 6 -1 -1 5785 1 4284 12 6250 206 4813 13 
i320-115bd 4238 320 3690 16 301 4261 6 -1 -1 5920 1 4681 13 6226 241 5253 12 
i320-121bd 3321 320 102080 16 310 3321 358 -1 -1 4799 62 4633 504 4180 13805 3321 553 
i320-122bd 3314 320 102080 16 315 3314 437 -1 -1 4804 64 4672 692 3985 14663 3314 453 
i320-123bd 3332 320 102080 16 311 3332 314 -1 -1 4791 83 4647 568 4548 12119 3332 555 
i320-124bd 3323 320 102080 16 313 3323 324 -1 -1 4800 72 4653 639 3809 12223 3323 452 
i320-125bd 3340 320 102080 16 316 3345 318 -1 -1 4780 84 4666 561 4919 15859 3345 555 
i320-131bd 5255 320 1280 16 211 5388 4 -1 -1 6632 1 5456 7 6786 71 6735 11 
i320-132bd 5052 320 1280 16 303 5264 4 -1 -1 6424 1 5536 6 8288 82 6668 12 
i320-133bd 5125 320 1280 16 301 5237 3 -1 -1 6472 1 5594 8 6726 47 6489 14 
i320-134bd 5272 320 1280 16 210 5301 3 -1 -1 6732 1 5715 9 8132 62 6339 10 
i320-135bd 5342 320 1280 16 304 5447 3 -1 -1 6040 1 5747 6 6491 65 6544 11 
i320-141bd 3606 320 20416 16 316 3638 53 -1 -1 5547 12 4763 92 6587 2666 3983 69 
i320-142bd 3567 320 20416 16 316 3590 44 -1 -1 5466 10 4751 91 8371 2983 3880 60 
i320-143bd 3561 320 20416 16 308 3648 42 -1 -1 5574 13 4839 78 7214 2607 3836 60 
i320-144bd 3512 320 20416 16 308 3648 57 -1 -1 5734 14 4735 71 6584 2155 3830 128 
i320-145bd 3601 320 20416 16 307 3610 52 -1 -1 5071 14 4748 70 6703 2848 3945 133 
i320-201bd 10044 320 960 33 306 10344 5 -1 -1 11712 0 10949 12 11310 35 13961 36 
i320-202bd 11223 320 960 33 308 11254 6 -1 -1 14017 1 11650 15 13140 55 15330 39 
i320-203bd 10148 320 960 33 307 10520 5 -1 -1 11829 0 11159 12 12037 38 13677 37 
i320-204bd 10275 320 960 33 305 10464 4 -1 -1 12405 1 11026 14 12044 48 14586 39 
i320-205bd 10573 320 960 33 301 10797 6 -1 -1 11670 0 11291 15 13046 51 14368 38 
i320-211bd 8039 320 3690 33 306 8299 8 -1 -1 10117 2 8820 20 11598 247 9867 44 
i320-212bd 8044 320 3690 33 307 8231 7 -1 -1 10196 1 8894 21 11879 244 9652 46 
i320-213bd 7984 320 3690 33 311 8080 8 -1 -1 10815 1 9647 23 10466 196 9633 48 
i320-214bd 8046 320 3690 33 310 8191 7 -1 -1 10498 1 9360 23 11373 224 9618 113 
i320-215bd 8015 320 3690 33 310 8202 9 -1 -1 10008 2 8700 27 10782 206 9414 60 
i320-221bd 6679 320 102080 33 312 6700 344 -1 -1 9885 134 9545 1396 8872 13637 6700 1107 
i320-222bd 6686 320 102080 33 314 6688 380 -1 -1 9870 113 9553 997 9606 8940 6688 828 
i320-223bd 6695 320 102080 33 316 6709 350 -1 -1 9891 109 9549 1440 9011 10289 6709 1036 
i320-224bd 6694 320 102080 33 315 6694 391 -1 -1 9913 80 9549 947 8522 12001 6694 704 
i320-225bd 6691 320 102080 33 314 6701 309 -1 -1 9867 79 9564 1375 9213 12575 6701 1035 
i320-231bd 9862 320 1280 33 308 10242 5 -1 -1 12751 1 11352 14 12880 73 14298 28 
i320-232bd 9933 320 1280 33 312 10630 6 -1 -1 11417 1 11067 15 13097 72 13256 26 
i320-233bd 9787 320 1280 33 302 10228 5 -1 -1 11541 1 10487 13 13219 68 13387 25 
i320-234bd 9517 320 1280 33 309 9851 5 -1 -1 10979 1 10563 20 13167 64 12058 26 
i320-235bd 9945 320 1280 33 306 10394 5 -1 -1 11701 1 10729 22 13178 82 12783 24 
i320-241bd 7027 320 20416 33 312 7209 46 -1 -1 10187 9 9681 185 12203 2246 7612 115 
i320-242bd 7072 320 20416 33 312 7159 47 -1 -1 10248 9 9731 112 10950 1928 7693 111 
i320-243bd 7044 320 20416 33 310 7092 45 -1 -1 9186 11 9672 168 11619 1940 7589 136 
i320-244bd 7078 320 20416 33 313 7133 49 -1 -1 9982 11 9712 135 12042 1962 7647 128 
i320-245bd 7046 320 20416 33 315 7133 43 -1 -1 10466 12 9714 134 11867 1975 7556 131 
i320-301bd 23279 320 960 79 306 23621 10 -1 -1 26092 1 24708 29 26165 53 34905 70 
i320-302bd 23387 320 960 79 307 24152 12 -1 -1 26581 1 25077 29 26730 91 35082 70 
i320-303bd 22693 320 960 79 306 23140 8 -1 -1 25707 1 24535 27 24621 66 33828 74 
i320-304bd 23451 320 960 79 309 24182 11 -1 -1 26961 2 25433 28 26023 90 37492 77 
i320-305bd 22547 320 960 79 306 22923 10 -1 -1 26160 1 24800 29 24668 59 32816 72 
i320-311bd 17945 320 3690 79 310 18364 15 -1 -1 21505 1 23418 42 24620 236 21506 82 
i320-312bd 18122 320 3690 79 311 18567 17 -1 -1 21208 1 20212 45 22416 209 22313 90 
i320-313bd 17991 320 3690 79 312 18161 17 -1 -1 21675 1 23584 46 22835 211 21679 91 
i320-314bd 18088 320 3690 79 309 18493 11 -1 -1 21069 1 23662 43 23479 252 22065 89 
i320-315bd 17987 320 3690 79 310 18380 70 -1 -1 20802 2 23721 44 22883 185 21862 86 
i320-321bd 15648 320 102080 79 320 15725 610 -1 -1 23749 100 22733 3231 21247 9679 15898 2332 
i320-322bd 15646 320 102080 79 317 15711 554 -1 -1 23683 96 22717 3217 20046 8234 15857 2289 
i320-323bd 15654 320 102080 79 315 15688 653 -1 -1 23604 98 22763 2509 20133 8556 15878 2180 
i320-324bd 15667 320 102080 79 318 15756 472 -1 -1 23625 72 22788 2724 19751 12144 15860 2032 
i320-325bd 15649 320 102080 79 318 15739 677 -1 -1 23608 85 22756 2930 19739 11454 15881 1639 
i320-331bd 21517 320 1280 79 311 22036 11 -1 -1 25340 1 24778 31 26029 115 30287 72 
i320-332bd 21674 320 1280 79 310 22109 9 -1 -1 25216 1 25147 30 25882 106 30194 73 
i320-333bd 21339 320 1280 79 309 21877 11 -1 -1 24944 0 24119 29 25761 129 31818 78 
i320-334bd 21415 320 1280 79 309 21779 13 -1 -1 24867 1 24372 29 25548 94 29443 66 
i320-335bd 21378 320 1280 79 313 21839 16 -1 -1 25016 1 23172 30 25682 97 30437 74 
i320-341bd 16296 320 20416 79 314 16474 63 -1 -1 21260 12 23050 388 22082 1496 17209 312 
i320-342bd 16228 320 20416 79 313 16408 60 -1 -1 21111 10 23061 326 21680 1647 17213 253 
i320-343bd 16281 320 20416 79 313 16482 64 -1 -1 21273 11 23018 383 23079 1511 17358 179 
i320-344bd 16295 320 20416 79 316 16474 64 -1 -1 21347 10 23072 369 20727 2315 17462 241 
i320-345bd 16289 320 20416 79 315 16500 68 -1 -1 21154 11 23127 306 22817 1809 17438 261 
i640-001bd 4033 640 1920 8 296 4033 272 -1 -1 5211 84 4209 284 5247 1173 4804 335 
i640-002bd 3588 640 1920 8 210 3588 67 -1 -1 4193 94 3763 77 4448 373 4278 73 
i640-003bd 3438 640 1920 8 209 3631 45 -1 -1 4011 28 3631 33 4251 219 4295 31 
i640-004bd 4000 640 1920 8 211 4169 45 -1 -1 4784 10 4169 22 5050 261 4651 26 
i640-005bd 4006 640 1920 8 210 4098 20 -1 -1 4566 7 4171 18 6675 338 4704 24 
i640-011bd 2392 640 8270 8 212 2392 30 -1 -1 3326 10 2482 16 4519 1112 2833 20 
i640-012bd 2465 640 8270 8 303 2466 63 -1 -1 3474 10 2655 21 5746 1354 2851 28 
i640-013bd 2399 640 8270 8 295 2577 37 -1 -1 3532 7 2715 54 4731 1328 2668 20 
i640-014bd 2171 640 8270 8 304 2171 14 -1 -1 3237 6 2557 36 2718 722 2539 25 
i640-015bd 2347 640 8270 8 304 2351 12 -1 -1 3333 6 2541 30 3865 1273 2751 21 
i640-021bd 1749 640 408960 8 314 1749 1790 -1 -1 2388 1107 2350 1642 2103 140691 1749 2149 
i640-022bd 1756 640 408960 8 312 1756 3086 -1 -1 2419 441 2349 2003 2105 176136 1756 1893 
i640-023bd 1754 640 408960 8 309 1754 2076 -1 -1 2374 551 2348 1795 2833 199065 1754 1607 
i640-024bd 1751 640 408960 8 313 1751 1943 -1 -1 2407 673 2344 1830 2298 174188 1751 1577 
i640-025bd 1745 640 408960 8 308 1745 2753 -1 -1 2392 389 2351 1740 2445 165088 1745 1946 
i640-031bd 3278 640 2560 8 213 3591 4 -1 -1 4290 7 3673 6 5949 418 3647 12 
i640-032bd 3187 640 2560 8 208 3550 5 -1 -1 3757 14 3370 7 3950 163 3753 12 
i640-033bd 3260 640 2560 8 212 3327 5 -1 -1 3661 2 3327 6 4317 340 3658 12 
i640-034bd 2953 640 2560 8 211 3091 5 -1 -1 3549 3 3152 7 3758 176 3540 12 
i640-035bd 3292 640 2560 8 208 3583 6 -1 -1 4283 2 3580 6 5016 464 3966 10 
i640-041bd 1897 640 81792 8 311 1967 235 -1 -1 2835 62 2448 194 3914 29076 2066 250 
i640-042bd 1934 640 81792 8 308 1976 229 -1 -1 2721 74 2375 219 2567 31788 2057 244 
i640-043bd 1931 640 81792 8 305 1943 191 -1 -1 2729 49 2413 226 2652 31390 2055 247 
i640-044bd 1938 640 81792 8 303 1950 217 -1 -1 3095 55 2022 172 4354 29094 2066 209 
i640-045bd 1866 640 81792 8 302 1866 226 -1 -1 3064 59 2102 222 2502 19629 1972 250 
i640-101bd 8764 640 1920 24 294 9344 8 -1 -1 10333 2 9513 17 11531 223 11623 40 
i640-102bd 9109 640 1920 24 300 9298 8 -1 -1 11556 2 9468 18 11077 204 12785 66 
i640-103bd 8819 640 1920 24 302 9188 7 -1 -1 11719 1 9197 18 11797 217 12319 43 
i640-104bd 9040 640 1920 24 210 9365 7 -1 -1 11773 1 9884 20 11835 276 12435 41 
i640-105bd 9623 640 1920 24 304 9920 8 -1 -1 12234 1 10269 18 14897 289 12123 47 
i640-111bd 6167 640 8270 24 309 6232 14 -1 -1 8335 2 6725 39 11474 1431 7450 67 
i640-112bd 6304 640 8270 24 306 6466 21 -1 -1 7900 2 7098 38 12146 1487 7513 65 
i640-113bd 6249 640 8270 24 304 6381 25 -1 -1 8605 2 6782 41 12779 1342 7374 66 
i640-114bd 6308 640 8270 24 308 6323 19 -1 -1 8734 2 6681 64 11418 1362 7667 70 
i640-115bd 6217 640 8270 24 304 6467 24 -1 -1 8125 5 6857 56 10365 1351 7436 71 
i640-121bd 4906 640 408960 24 313 4906 2133 -1 -1 7156 445 6973 5819 6445 153428 4906 4725 
i640-122bd 4911 640 408960 24 317 4911 2068 -1 -1 7165 377 6985 5447 6977 144359 4911 3715 
i640-123bd 4913 640 408960 24 313 4915 1857 -1 -1 7183 403 6952 5570 6614 153500 4915 3896 
i640-124bd 4906 640 408960 24 313 4908 2905 -1 -1 7175 500 6963 5117 6054 152982 4908 4174 
i640-125bd 4920 640 408960 24 316 4920 2164 -1 -1 7217 374 6983 5262 7360 136149 4920 4915 
i640-131bd 8097 640 2560 24 304 8240 11 -1 -1 10098 1 8526 19 9723 235 10182 50 
i640-132bd 8154 640 2560 24 308 8788 10 -1 -1 10635 2 8818 20 10325 267 10505 44 
i640-133bd 8021 640 2560 24 307 8279 8 -1 -1 9309 2 8526 20 11701 261 10284 47 
i640-134bd 7754 640 2560 24 294 8044 7 -1 -1 9745 1 8635 18 9803 187 9910 46 
i640-135bd 7696 640 2560 24 305 8075 10 -1 -1 10030 1 8511 19 11347 214 9629 44 
i640-141bd 5199 640 81792 24 313 5309 268 -1 -1 8181 55 7090 658 10539 32670 5619 414 
i640-142bd 5193 640 81792 24 322 5253 210 -1 -1 7757 67 7075 599 9871 31105 5550 631 
i640-143bd 5194 640 81792 24 313 5296 335 -1 -1 7375 76 7089 665 9809 35003 5582 606 
i640-144bd 5205 640 81792 24 312 5307 249 -1 -1 7915 57 7094 489 9760 29168 5518 505 
i640-145bd 5218 640 81792 24 314 5238 258 -1 -1 7517 66 7068 678 12299 33557 5594 624 
i640-201bd 16079 640 1920 49 309 16322 11 -1 -1 18785 2 17488 37 18541 167 22012 113 
i640-202bd 16324 640 1920 49 307 17236 12 -1 -1 19506 1 18080 46 18959 227 23973 114 
i640-203bd 16124 640 1920 49 302 16657 19 -1 -1 20512 2 17152 39 18572 177 22919 115 
i640-204bd 16239 640 1920 49 309 16852 10 -1 -1 20873 2 17442 37 20083 186 21713 103 
i640-205bd 16616 640 1920 49 307 16787 16 -1 -1 20609 1 17264 37 19398 195 23722 122 
i640-211bd 11984 640 8270 49 309 12477 33 -1 -1 15752 3 13349 72 19006 1173 14660 168 
i640-212bd 11795 640 8270 49 306 12160 19 -1 -1 15206 4 12813 79 22201 1501 14250 163 
i640-213bd 11879 640 8270 49 307 12128 25 -1 -1 15357 3 13072 77 20859 1326 14508 162 
i640-214bd 11898 640 8270 49 309 12157 17 -1 -1 15027 3 13263 68 18908 1306 14532 169 
i640-215bd 12081 640 8270 49 308 12277 21 -1 -1 15180 3 13694 80 19372 1307 14968 191 
i640-221bd 9821 640 408960 49 314 9864 2390 -1 -1 14698 470 14149 9630 13500 185823 9876 7993 
i640-222bd 9798 640 408960 49 316 9835 2166 -1 -1 14674 497 14144 10276 12417 148176 9887 8543 
i640-223bd 9811 640 408960 49 317 9871 2444 -1 -1 14724 409 14143 10077 13542 162382 9871 7995 
i640-224bd 9805 640 408960 49 320 9851 2335 -1 -1 14635 581 14159 9999 12429 173707 9888 8441 
i640-225bd 9807 640 408960 49 315 9860 2617 -1 -1 14688 475 14140 10535 12431 160667 9860 8281 
i640-231bd 15014 640 2560 49 307 15212 11 -1 -1 18837 2 16332 40 19655 308 19893 119 
i640-232bd 14630 640 2560 49 306 14945 13 -1 -1 18195 3 16052 39 20601 335 19678 125 
i640-233bd 14797 640 2560 49 310 15215 12 -1 -1 19319 2 16465 47 20464 389 20442 122 
i640-234bd 15203 640 2560 49 308 15732 12 -1 -1 18435 2 16152 38 21205 350 20416 124 
i640-235bd 14803 640 2560 49 304 15514 19 -1 -1 17738 2 15742 38 20942 351 19355 124 
i640-241bd 10230 640 81792 49 313 10361 264 -1 -1 14404 40 14320 921 17704 34333 10890 966 
i640-242bd 10195 640 81792 49 312 10345 266 -1 -1 14784 63 14336 994 19323 33339 10788 1489 
i640-243bd 10215 640 81792 49 311 10348 303 -1 -1 15791 59 14364 1167 18853 36408 10894 1200 
i640-244bd 10246 640 81792 49 316 10323 327 -1 -1 14307 45 14335 1224 17989 25635 10795 1205 
i640-245bd 10223 640 81792 49 315 10449 306 -1 -1 15156 58 14352 1027 20114 31682 10890 1111 
i640-301bd 45005 640 1920 159 310 45656 22 -1 -1 51447 2 49003 116 49795 352 69396 522 
i640-302bd 45736 640 1920 159 308 46969 30 -1 -1 52248 3 49618 110 50203 335 72980 716 
i640-303bd 44922 640 1920 159 316 45360 80 -1 -1 52421 2 47832 112 49778 530 75626 836 
i640-304bd 46233 640 1920 159 312 47152 41 -1 -1 54869 2 51092 112 51535 384 74052 537 
i640-305bd 45902 640 1920 159 309 46984 45 -1 -1 51794 2 50093 109 51287 477 68935 585 
i640-311bd 0 640 8270 159 315 36527 55 -1 -1 40737 4 47413 208 48054 1660 45385 1063 
i640-312bd 0 640 8270 159 311 36445 36 -1 -1 42970 3 47348 215 43427 1297 43282 826 
i640-313bd 0 640 8270 159 314 36230 41 -1 -1 42044 3 47363 199 47894 1401 42783 694 
i640-314bd 0 640 8270 159 317 36134 54 -1 -1 40699 3 47233 211 50603 1657 42667 923 
i640-315bd 0 640 8270 159 310 36546 55 -1 -1 41937 3 47460 202 46406 1246 42982 811 
i640-321bd 31094 640 408960 159 320 31228 3159 -1 -1 47534 426 45563 29383 39242 114505 31520 24858 
i640-322bd 31068 640 408960 159 322 31175 4652 -1 -1 47480 473 45597 31255 39614 109767 31495 23262 
i640-323bd 31080 640 408960 159 317 31218 3417 -1 -1 47731 446 45563 31282 40300 96374 31496 26258 
i640-324bd 31092 640 408960 159 318 31219 4464 -1 -1 47588 839 45607 31490 39647 106028 31452 26782 
i640-325bd 31081 640 408960 159 318 31199 3619 -1 -1 47662 461 45608 35362 38707 115850 31526 26322 
i640-331bd 42796 640 2560 159 316 43818 38 -1 -1 50359 3 47538 131 50170 477 60002 666 
i640-332bd 42548 640 2560 159 311 43830 37 -1 -1 50307 1 47458 134 49710 462 59994 565 
i640-333bd 42345 640 2560 159 315 43099 25 -1 -1 48420 1 47374 167 49657 487 60203 627 
i640-334bd 42768 640 2560 159 311 43426 35 -1 -1 49124 1 46468 219 51002 680 65631 829 
i640-335bd 43035 640 2560 159 313 44118 33 -1 -1 51431 1 48686 183 51191 559 62412 628 
i640-341bd 32042 640 81792 159 316 32374 633 -1 -1 41688 221 46117 3347 44854 22335 33485 2935 
i640-342bd 31978 640 81792 159 319 32280 563 -1 -1 41758 93 46123 3885 44783 24095 33438 3293 
i640-343bd 32015 640 81792 159 316 32328 661 -1 -1 39769 86 46086 3901 43438 21500 33485 2906 
i640-344bd 31991 640 81792 159 317 32354 681 -1 -1 42400 64 46052 2937 44119 23126 33471 2853 
i640-345bd 31994 640 81792 159 316 32319 701 -1 -1 42022 65 46168 3668 45455 25694 33482 3160 
lin01bd 503 53 160 3 190 503 18 -1 -1 603 8 503 9 503 44 678 18 
lin02bd 557 55 164 5 190 557 11 -1 -1 792 4 557 11 561 27 739 17 
lin03bd 926 57 168 7 160 932 13 -1 -1 1213 4 932 11 926 23 1099 13 
lin04bd 1239 157 532 5 186 1371 19 -1 -1 1839 16 1341 17 1307 91 1600 26 
lin05bd 1703 160 538 8 186 1709 27 -1 -1 2645 13 1770 15 2623 140 2494 28 
lin06bd 1348 165 548 13 164 1383 28 -1 -1 2012 4 1436 19 1457 29 1898 29 
lin07bd 1885 307 1052 5 194 1933 52 -1 -1 2267 7 1897 24 2553 73 2125 14 
lin08bd 2248 311 1060 9 194 2400 43 -1 -1 5156 6 2252 25 2260 56 3290 21 
lin09bd 2752 313 1064 11 194 2971 61 -1 -1 4972 5 2815 27 3692 59 4401 17 
lin10bd 4132 321 1080 19 194 4456 47 -1 -1 7088 6 4294 13 4487 58 7724 28 
lin11bd 4280 816 2920 9 198 4817 86 -1 -1 6608 12 4323 13 4875 1000 6058 30 
lin12bd 5250 818 2924 11 198 5556 75 -1 -1 7551 11 5356 20 6642 809 7087 39 
lin13bd 4609 822 2932 15 198 5070 37 -1 -1 7637 11 4633 20 5128 457 7046 36 
lin14bd 5824 828 2944 21 198 6415 42 -1 -1 11696 8 6143 38 6814 543 10122 58 
lin15bd 7145 840 2968 33 196 7687 68 -1 -1 16746 7 7427 143 8133 572 14411 100 
lin16bd 6618 1981 7266 11 200 6853 57 -1 -1 11676 40 6696 66 9588 7071 9523 81 
lin17bd 8405 1989 7282 19 200 9639 64 -1 -1 17070 24 8970 108 13654 7736 14050 236 
lin18bd 9714 1994 7292 24 200 11208 207 -1 -1 16532 14 10245 127 13138 6948 15246 307 
lin19bd 13268 2010 7324 40 200 14065 125 -1 -1 26686 12 13632 322 16759 8371 28941 508 
lin20bd 6673 3675 13418 10 200 7812 51 -1 -1 11969 14 7175 135 9202 34252 9786 224 
lin21bd 9143 3683 13434 19 200 10019 87 -1 -1 16687 31 9498 266 12443 29856 13150 663 
lin22bd 10519 3692 13452 27 200 11677 123 -1 -1 26301 32 10740 336 14200 34256 20473 475 
lin23bd 17560 3716 13500 51 200 18976 261 -1 -1 35550 22 18288 615 23001 39768 33351 1846 
lin24bd 15076 7998 29468 15 198 16479 239 -1 -1 23320 108 16038 558 19265 345328 22675 2304 
lin25bd 17803 8007 29486 23 198 20500 300 -1 -1 36853 44 18817 823 27635 358407 30785 2147 
lin26bd 21757 8013 29498 29 198 25321 507 -1 -1 45878 44 22882 1329 38788 517033 44497 3019 
lin27bd 20678 8017 29506 35 198 21670 392 -1 -1 48359 55 21635 1276 31336 330004 39975 5068 
lin28bd 32584 8062 29596 80 198 34861 959 -1 -1 65209 54 34220 2680 41394 377162 -1 -1 
lin29bd 23765 19083 71272 23 200 25608 951 -1 -1 55073 127 24339 3506 -1 -1 -1 -1 
lin30bd 27684 19091 71288 30 200 31997 992 -1 -1 73294 121 28911 5696 -1 -1 -1 -1 
lin31bd 31696 19100 71306 39 200 33859 1363 -1 -1 70977 140 34285 5832 -1 -1 -1 -1 
lin32bd 39832 19112 71330 52 200 44110 2124 -1 -1 106347 153 41839 17369 -1 -1 -1 -1 
lin33bd 56061 19177 71460 116 200 61955 3809 -1 -1 132039 150 58653 27869 -1 -1 -1 -1 
lin34bd 45018 38282 143042 33 198 50752 2591 -1 -1 121056 2594 48153 40478 -1 -1 -1 -1 
lin35bd 50559 38294 143066 44 198 54053 4062 -1 -1 124199 838 52366 28310 -1 -1 -1 -1 
lin36bd 55608 38307 143092 57 198 61244 4750 -1 -1 137733 1162 58788 47605 -1 -1 -1 -1 
lin37bd 99560 38418 143314 171 198 110813 13074 -1 -1 249066 742 103810 303091 -1 -1 -1 -1 
