# Name OptimalCost NbNodes NbArcs NbTerminals MaximumArcCost GFLACValue GFLACTime GFLAC2Value GFLAC2Time SHPValue SHPTime SHP2Value SHP2Time WongValue WongTime RoosValue RoosTime
wrp3-11st 1100361 128 260 11 100225 1100365 54 1100382 1257 1100384 12 1100365 49 1100370 103 1100479 67 
wrp3-12st 1200237 84 176 12 100230 1200237 22 1200237 227 1200237 4 1200237 18 1200246 45 1200475 21 
wrp3-23st 2300245 132 263 23 100118 2300245 24 2300245 1951 2300259 6 2300245 45 2300271 56 2300484 57 
wrp4-11st 1100179 123 247 11 100048 1100198 38 1100179 1033 1100212 9 1100197 48 1100188 67 1100286 65 
wrp4-13st 1300798 110 218 13 100438 1300891 16 1300811 625 1300893 4 1300802 18 1300798 32 1301334 26 
es10fst10st 23936095 18 29 10 15512900 25068368 6 23936095 38 25068368 4 25068368 8 23936095 10 33772513 15 
es10fst11st 22239535 14 21 10 11692573 22239535 4 22239535 10 22239535 1 22239535 3 22239535 6 33381264 7 
es10fst12st 19626318 13 22 10 8443491 19626318 3 19626318 8 19626318 0 19626318 5 19626318 4 30606624 6 
es10fst13st 19483914 18 29 10 13786514 19483914 4 19483914 16 20652876 1 19483914 5 19483914 7 26814395 8 
es10fst14st 21856128 24 47 10 11667645 22532068 5 22532068 21 25467275 1 22532068 8 23532936 8 32515299 10 
es10fst15st 18641924 16 26 10 9558798 19117297 2 19117297 8 20585363 0 20240971 4 18641924 3 25913789 4 
es30fst02st 40900061 71 126 30 13970782 41275573 43 41275573 246 45924068 7 41688066 58 40900061 59 80957296 77 
es30fst05st 41739748 58 98 30 14382617 42061553 24 42579817 73 49244040 3 46435942 25 41739748 31 115054208 28 
es30fst07st 43761391 53 91 30 19349432 43761391 8 43761391 43 46060314 2 46060314 20 43761391 13 115002740 20 
es30fst08st 41691217 69 129 30 16340010 42448016 21 43058533 83 55093421 3 43442293 24 41691217 14 105756301 23 
es30fst09st 37133658 43 63 30 14137075 37133658 9 37783795 21 38470994 2 37133658 13 37133658 8 90518724 10 
es30fst10st 42686610 48 78 30 21133633 42686610 10 42686610 34 42686610 2 42686610 14 42686610 7 127242809 11 
es30fst12st 38416720 46 87 30 16582805 38416720 4 38416720 20 46332651 2 38416720 14 38416720 7 88197453 4 
es30fst13st 37406646 65 110 30 10116440 37703793 7 37703793 89 41950063 2 37624067 15 37703793 10 101129091 6 
es30fst14st 42897025 53 103 30 17776309 42897025 12 43210344 35 43866047 1 43485853 13 42897025 16 91993997 4 
es40fst02st 46811310 82 132 40 16692776 47671040 24 47899143 310 57282236 9 47908780 69 48333005 101 146815200 114 
es40fst04st 45289864 55 81 40 22087279 45289864 26 45289864 61 45289864 3 45289864 30 45289864 14 103414888 28 
es40fst06st 49753385 92 155 40 15998480 50464968 28 51261223 332 59185702 5 53118765 39 50633999 17 115838824 45 
es40fst07st 45639009 77 145 40 14900866 45639009 25 45639009 89 47360773 4 46505124 19 46829254 12 97606211 19 
es40fst12st 43843378 67 122 40 19323416 43892465 16 43978846 54 55580151 3 43892465 11 43843378 9 116152655 12 
es40fst13st 51884545 78 143 40 26247841 53411146 11 54359324 166 58395420 4 54295511 8 51884545 13 141709492 12 
es40fst14st 49166952 98 185 40 12530952 49166952 14 49355853 321 69013478 8 50402480 6 49166952 20 124897394 18 
es40fst15st 50828067 93 154 40 17274562 51413442 10 52190934 261 91080464 5 51873551 5 51188491 26 158722384 12 
es50fst04st 51535766 106 227 50 16916865 51620323 97 51651013 632 65322374 11 53164910 89 51535766 129 150414655 150 
es50fst05st 55186015 104 175 50 14396212 55749715 43 55651305 499 77807236 6 56613676 70 55186015 67 167989192 56 
es50fst08st 53754708 83 137 50 21068000 54519186 30 54173339 184 74923900 9 55554150 47 53754708 25 166293843 24 
es50fst11st 52532923 100 183 50 14967269 52532923 27 53034976 276 87628970 13 52532923 25 52532923 21 163881566 17 
es60fst08st 58138178 109 211 60 17876955 58884847 59 58361529 626 70359095 9 58884847 104 58138178 135 137544518 165 
es80fst12st 65070089 147 267 80 11818759 65398617 95 65163513 1275 73743055 15 65752104 141 65070089 183 191916829 212 
diw0250st 350 353 750 11 272 353 70 353 45522 379 26 353 79 350 97 412 117 
diw0540st 374 286 636 10 244 374 23 374 31401 415 25 374 52 374 27 463 53 
gap1500st 254 220 414 17 169 254 21 254 7826 262 13 254 67 264 104 427 122 
gap2975st 245 179 393 10 193 245 14 250 5346 273 9 245 26 250 11 361 22 
msm1844st 188 90 167 10 101 188 17 188 428 196 10 188 29 188 36 272 49 
msm4114st 393 402 817 16 213 393 54 393 120863 552 42 406 94 403 73 691 193 
msm4224st 311 191 362 11 191 316 12 320 7430 311 4 311 17 311 20 422 16 
msm4414st 408 317 640 11 333 408 26 416 18200 492 7 408 26 408 72 703 11 
taq0920st 210 122 266 17 138 210 23 210 996 390 9 218 51 225 47 412 79 
b01st 82 50 135 9 41 82 13 82 152 82 9 82 19 82 20 100 32 
b02st 83 50 98 13 49 83 7 83 51 100 2 83 16 83 11 124 21 
b03st 138 50 88 25 26 138 9 138 52 154 3 140 18 138 17 281 32 
b04st 59 50 121 9 22 59 6 59 42 82 2 59 5 59 6 85 12 
b05st 61 50 113 13 22 62 5 62 40 66 2 62 8 61 6 73 16 
b06st 122 50 108 25 17 126 9 127 39 166 2 136 15 122 10 223 19 
b07st 111 75 156 13 40 111 4 111 101 116 2 111 11 111 7 176 9 
b08st 104 75 156 19 46 104 6 104 123 132 3 104 17 104 4 151 12 
b09st 220 75 164 38 54 222 16 222 121 239 3 222 32 220 11 367 18 
b10st 86 75 177 13 27 86 5 92 133 92 2 92 9 86 4 115 6 
b11st 88 75 164 19 25 88 5 88 181 103 2 88 12 88 4 142 3 
b12st 174 75 167 38 22 174 11 174 189 223 6 180 22 174 12 313 6 
b13st 165 100 284 17 57 171 5 171 368 177 2 177 13 177 7 202 3 
b14st 235 100 193 25 51 235 6 236 388 240 2 235 11 239 6 377 5 
b15st 318 100 323 50 53 318 10 318 360 374 2 326 12 318 12 558 11 
b16st 127 100 229 17 28 131 39 131 485 139 2 127 2 127 4 159 4 
b17st 131 100 235 25 28 132 53 133 528 150 2 132 4 131 6 213 5 
b18st 218 100 225 50 37 219 14 219 545 274 2 221 7 218 8 367 11 
c01st 85 500 1425 5 72 85 50 85 122442 85 68 85 183 85 227 103 225 
c02st 144 500 1103 10 60 144 51 144 97556 144 27 144 141 144 24 224 151 
c06st 55 500 1132 5 33 55 74 55 349246 55 70 55 23 55 13 67 26 
c07st 102 500 1156 10 41 102 18 102 243467 102 50 102 37 102 43 138 27 
c11st 32 500 2504 5 10 32 20 32 599430 32 15 32 8 32 17 33 12 
c12st 46 500 2505 10 17 46 10 46 609260 46 9 48 12 46 19 53 14 
c16st 11 500 12500 5 10 11 31 11 721003 13 14 11 20 11 43 14 23 
i080-001st 1787 80 162 6 694 2089 13 1787 301 2083 11 2182 19 2253 30 2364 38 
i080-002st 1607 80 156 6 600 1607 5 1607 165 1902 4 1607 11 1688 14 1803 14 
i080-003st 1713 80 170 6 796 1713 6 1713 171 2026 4 1823 10 1713 4 2219 12 
i080-004st 1866 80 177 6 891 1866 5 1866 183 1866 4 1866 8 1866 3 2065 11 
i080-005st 1790 80 168 6 697 1790 10 1790 173 1790 4 1790 9 1790 5 1987 10 
i080-011st 1479 80 350 6 312 1479 8 1479 373 1570 3 1576 8 1557 9 1570 10 
i080-012st 1484 80 352 6 312 1484 6 1484 302 1484 3 1588 7 1484 3 1484 10 
i080-013st 1381 80 350 6 307 1381 5 1381 398 1810 1 2004 6 1381 6 1703 7 
i080-014st 1397 80 352 6 306 1397 4 1397 360 1397 2 1397 6 1397 5 1496 6 
i080-015st 1495 80 351 6 307 1499 5 1499 398 1596 2 1600 5 1682 5 1499 5 
i080-021st 1175 80 3160 6 310 1175 41 1175 464 1576 7 1487 7 1175 76 1175 11 
i080-022st 1178 80 3160 6 310 1178 24 1178 466 1667 5 1482 3 1551 50 1178 8 
i080-023st 1174 80 3160 6 302 1174 19 1174 437 1676 4 1495 5 1365 46 1174 5 
i080-024st 1161 80 3160 6 307 1161 21 1161 497 1822 4 1578 3 1342 42 1161 5 
i080-025st 1162 80 3160 6 310 1162 12 1162 408 1589 4 1579 3 1339 38 1162 5 
i080-031st 1570 80 190 6 507 1570 2 1570 204 1570 2 1570 2 1570 2 2256 2 
i080-032st 2088 80 182 6 1008 2088 2 2088 185 2472 1 2088 1 2458 3 2390 2 
i080-033st 1794 80 184 6 605 1794 2 1794 238 1892 1 1794 1 2559 5 2180 2 
i080-034st 1688 80 175 6 593 1688 1 1781 216 1688 1 1688 1 1772 1 1781 3 
i080-035st 1862 80 189 6 699 1862 2 1862 289 1862 1 1964 1 1862 2 1948 3 
i080-041st 1276 80 632 6 306 1276 2 1276 377 1594 1 1375 1 1276 3 1378 5 
i080-042st 1287 80 632 6 305 1287 4 1287 401 1700 1 1578 1 1655 7 1384 2 
i080-043st 1295 80 632 6 309 1305 2 1305 477 1305 1 1305 1 1295 2 1305 2 
i080-044st 1366 80 632 6 304 1366 2 1366 287 1381 1 1450 2 1366 1 1381 3 
i080-045st 1310 80 632 6 300 1310 3 1310 432 1709 1 1310 1 1587 5 1410 2 
i080-101st 2608 80 158 8 1093 2623 1 2623 158 3290 1 2623 2 2898 3 3888 2 
i080-102st 2403 80 194 8 986 2403 2 2403 175 3202 1 2403 1 2705 4 3899 2 
i080-103st 2603 80 155 8 984 2603 2 2791 197 2987 1 2791 1 2986 4 3392 2 
i080-104st 2486 80 159 8 793 2486 1 2486 165 2715 1 2486 2 2486 3 3166 2 
i080-105st 2203 80 166 8 891 2203 2 2203 198 2392 1 2203 2 2203 1 2203 2 
i080-111st 2051 80 354 8 406 2054 2 2054 278 2157 1 2152 2 2330 4 2250 2 
i080-112st 1885 80 350 8 209 1895 3 1895 347 2566 1 2180 1 2270 3 2172 2 
i080-113st 1884 80 351 8 306 1884 2 1884 394 2275 0 1987 3 1974 3 2289 2 
i080-114st 1895 80 350 8 307 1895 2 1895 326 2611 1 2182 1 2559 4 2201 2 
i080-115st 1868 80 350 8 302 1875 3 1875 267 2074 1 1875 1 2069 2 1978 3 
i080-121st 1561 80 3160 8 309 1561 17 1561 361 2183 1 2056 3 1731 37 1561 4 
i080-122st 1561 80 3160 8 314 1561 35 1561 402 2115 2 2174 2 1917 49 1561 4 
i080-123st 1569 80 3160 8 309 1569 23 1569 420 2238 1 2075 2 2118 46 1569 4 
i080-124st 1555 80 3160 8 310 1555 10 1555 419 2137 1 2056 3 1736 45 1555 3 
i080-125st 1572 80 3160 8 317 1572 11 1572 427 2352 2 2078 3 1572 55 1572 5 
i080-131st 2284 80 183 8 698 2284 1 2284 191 2284 1 2484 1 2284 3 3181 2 
i080-132st 2180 80 185 8 588 2279 1 2279 216 2295 0 2487 1 2470 2 2501 1 
i080-133st 2261 80 177 8 605 2261 1 2261 230 2261 1 2261 1 2261 1 2748 2 
i080-134st 2070 80 181 8 499 2186 2 2374 173 2572 1 2070 2 2257 3 2754 1 
i080-135st 2102 80 199 8 599 2102 1 2102 147 2288 0 2102 1 2273 2 2699 2 
i080-141st 1788 80 632 8 303 1978 5 1886 460 2364 0 2041 1 2741 11 1979 2 
i080-142st 1708 80 632 8 301 1708 2 1708 444 2487 0 1975 1 2933 7 1913 2 
i080-143st 1767 80 633 8 305 1767 2 1767 355 2158 0 2059 1 2134 8 2080 2 
i080-144st 1772 80 632 8 305 1772 3 1772 445 2275 0 2184 1 2520 9 2073 3 
i080-145st 1762 80 632 8 306 1762 3 1762 269 2084 1 2067 1 2132 7 2042 2 
i080-201st 4760 80 155 16 1004 4760 3 4760 126 5368 1 4858 2 4760 3 7999 3 
i080-202st 4650 80 154 16 1100 4769 3 4769 164 4755 1 4751 2 4650 1 6411 2 
i080-203st 4599 80 179 16 799 4700 2 4700 113 4795 0 4710 1 4693 4 6377 3 
i080-204st 4492 80 165 16 880 4492 1 4593 112 5020 1 4711 1 4680 2 7113 3 
i080-205st 4564 80 155 16 898 4564 2 4564 168 5168 1 5058 1 4668 2 6355 2 
i080-211st 3631 80 352 16 309 3819 5 3819 302 4648 0 4016 2 5625 17 4541 3 
i080-212st 3677 80 353 16 305 3677 2 3677 368 4893 1 4446 2 4043 3 4733 4 
i080-213st 3678 80 351 16 411 3863 3 3863 305 4866 0 4462 3 4793 6 4736 3 
i080-214st 3734 80 351 16 309 3745 3 3745 394 4228 1 3734 1 4127 3 4402 3 
i080-215st 3681 80 351 16 390 3685 3 3762 252 4433 0 3962 2 4138 3 4142 4 
i080-221st 3158 80 3160 16 312 3158 12 3158 454 4053 6 4397 4 3850 55 3158 5 
i080-222st 3141 80 3160 16 312 3141 7 3141 298 4610 1 4389 4 4031 47 3141 4 
i080-223st 3156 80 3160 16 310 3156 4 3156 425 4646 2 4408 4 3670 49 3156 5 
i080-224st 3159 80 3160 16 312 3159 4 3159 457 4602 1 4401 4 4058 50 3159 5 
i080-225st 3150 80 3160 16 312 3150 5 3150 314 4392 2 4400 5 3309 51 3150 4 
i080-231st 4354 80 185 16 669 4354 0 4354 246 5243 1 4665 2 4359 2 6106 3 
i080-232st 4199 80 177 16 693 4301 1 4199 180 4786 1 4579 2 4392 2 6064 4 
i080-233st 4118 80 183 16 710 4118 3 4118 196 4997 1 4519 1 4490 2 5862 3 
i080-234st 4274 80 180 16 701 4274 1 4274 286 6218 1 4675 2 4466 2 6959 3 
i080-235st 4487 80 186 16 1150 4596 0 4596 194 4596 1 4711 1 4487 1 6119 2 
i080-241st 3538 80 632 16 308 3548 1 3548 454 4346 1 4169 2 4494 8 4123 4 
i080-242st 3458 80 632 16 310 3552 1 3550 316 4597 1 4425 2 4670 10 3835 2 
i080-243st 3474 80 632 16 307 3496 1 3496 471 5133 0 4651 2 4878 6 3861 3 
i080-244st 3466 80 633 16 304 3466 1 3466 361 4633 0 4410 2 4636 6 4146 3 
i080-245st 3467 80 632 16 308 3484 1 3484 455 4629 1 4460 4 4594 7 4061 2 
i080-301st 5519 80 174 20 997 5530 1 5530 120 5819 1 5530 1 5519 1 6814 3 
i080-302st 5944 80 214 20 1398 6261 1 6261 160 6048 1 6358 1 6130 1 8013 2 
i080-303st 5777 80 156 20 1269 5967 1 6143 248 6653 0 6171 2 5777 1 9069 5 
i080-304st 5586 80 174 20 1292 5682 1 5589 160 6594 0 5884 1 5586 2 8692 4 
i080-305st 5932 80 161 20 1292 6116 1 6116 130 6019 0 6116 2 6126 2 7004 2 
i080-311st 4554 80 352 20 309 4679 1 4679 409 5182 0 5667 2 5021 4 5973 3 
i080-312st 4534 80 352 20 384 5236 2 4738 384 5577 0 5333 2 5210 5 6087 3 
i080-313st 4509 80 351 20 307 4525 2 4525 388 5241 0 5045 2 5789 5 5584 3 
i080-314st 4515 80 350 20 306 4523 1 4521 269 4625 0 4852 2 4689 1 4618 3 
i080-315st 4459 80 352 20 310 4474 1 4474 381 5139 0 5728 2 4546 2 5436 3 
i080-321st 3932 80 3160 20 311 3932 4 3932 368 6366 1 5559 5 6312 58 3932 6 
i080-322st 3937 80 3160 20 315 3937 3 3937 462 5391 1 5569 5 4450 44 3937 7 
i080-323st 3946 80 3160 20 314 3946 3 3946 419 5575 1 5579 5 5004 48 3946 7 
i080-324st 3932 80 3160 20 310 3932 4 3932 466 5262 1 5577 6 4786 42 3932 6 
i080-325st 3924 80 3160 20 313 3924 3 3924 436 5798 1 5571 6 5021 44 3924 7 
i080-331st 5226 80 174 20 991 5544 1 5544 237 5642 0 6028 2 5798 1 6765 3 
i080-332st 5362 80 182 20 883 5370 1 5370 192 5893 1 5772 1 5736 2 7841 4 
i080-333st 5381 80 205 20 778 5381 1 5381 182 6191 0 5387 2 5754 1 7569 5 
i080-334st 5264 80 181 20 910 5264 1 5264 189 6132 1 6447 2 5541 2 7822 2 
i080-335st 4953 80 181 20 673 4953 0 4953 187 5083 0 5046 2 4953 1 5663 3 
i080-341st 4236 80 632 20 308 4537 1 4537 408 5802 0 5764 3 5331 10 4886 4 
i080-342st 4337 80 632 20 310 4631 1 4641 487 6122 1 5764 3 4976 3 5119 3 
i080-343st 4246 80 633 20 311 4438 1 4438 381 5306 1 5770 2 5703 8 5020 3 
i080-344st 4310 80 632 20 311 4327 1 4327 446 5474 1 5896 2 5246 9 4926 3 
i080-345st 4341 80 632 20 310 4348 1 4348 298 5635 1 5755 3 5359 5 5123 3 
i160-001st 2490 160 331 7 697 2490 23 2490 3015 2573 15 2573 42 2566 31 2775 56 
i160-002st 2158 160 356 7 894 2360 9 2360 2892 2171 13 2171 19 2548 27 2567 23 
i160-003st 2297 160 326 7 997 2297 9 2297 1901 2297 5 2297 16 2297 4 2805 22 
i160-004st 2370 160 322 7 698 2370 7 2477 4200 2980 8 2682 14 2370 6 3477 20 
i160-005st 2495 160 326 7 903 2602 9 2495 3433 2602 11 2495 12 2804 13 2894 21 
i160-011st 1677 160 812 7 306 1677 13 1677 5351 1880 5 1784 12 2644 66 1890 11 
i160-012st 1750 160 815 7 388 1750 8 1750 6090 2248 4 1750 10 1750 8 1974 10 
i160-013st 1661 160 815 7 298 1661 14 1661 7481 2061 3 2068 10 2248 15 1860 9 
i160-014st 1778 160 813 7 300 1778 6 1778 5269 2367 4 1877 11 3200 18 2458 8 
i160-015st 1768 160 813 7 300 1782 9 1768 5684 2264 2 1874 10 2356 17 2174 7 
i160-021st 1352 160 12720 7 307 1352 98 1352 7864 1790 39 1768 28 1529 393 1352 29 
i160-022st 1365 160 12720 7 308 1365 49 1365 5442 1953 20 1772 12 1722 435 1365 17 
i160-023st 1351 160 12720 7 307 1351 31 1351 6448 1967 12 1768 20 1538 407 1351 13 
i160-024st 1371 160 12720 7 307 1371 46 1371 6778 2142 14 1776 16 1550 535 1371 11 
i160-025st 1366 160 12720 7 311 1366 43 1366 6561 2128 10 1807 16 1726 467 1366 15 
i160-031st 2170 160 384 7 688 2170 2 2170 2807 2268 1 2170 1 2170 3 2467 2 
i160-032st 2330 160 361 7 697 2422 2 2422 1992 2422 1 2422 2 2700 4 2624 2 
i160-033st 2101 160 355 7 674 2101 2 2101 2740 2201 1 2101 1 2580 7 2296 3 
i160-034st 2083 160 365 7 789 2083 3 2083 2814 2410 1 2083 2 2083 3 2379 3 
i160-035st 2103 160 365 7 693 2211 11 2211 1865 2211 1 2211 1 3570 12 2700 3 
i160-041st 1494 160 2544 7 297 1494 13 1494 5447 1963 2 1652 3 2698 54 1675 5 
i160-042st 1486 160 2544 7 304 1486 5 1486 5036 2084 2 1843 2 1886 54 1672 4 
i160-043st 1549 160 2544 7 306 1549 7 1549 6317 2446 2 1833 3 2059 57 1849 3 
i160-044st 1478 160 2544 7 312 1478 5 1478 5059 2093 2 1874 2 2226 57 1772 4 
i160-045st 1554 160 2544 7 300 1575 20 1575 4926 1947 25 1725 3 2212 59 1760 4 
i160-101st 3859 160 328 12 898 3960 2 3960 1719 4074 1 3960 3 3955 2 4672 5 
i160-102st 3747 160 346 12 990 3747 3 3747 1925 3940 1 3832 3 3846 3 5014 5 
i160-103st 3837 160 345 12 1288 3837 2 3837 2036 4139 2 3837 3 4334 5 5497 5 
i160-104st 4063 160 378 12 1095 4072 2 4072 2280 4072 1 4072 3 4063 2 5086 5 
i160-105st 3563 160 341 12 1189 3563 2 3563 2275 3959 1 3563 3 3563 3 4909 4 
i160-111st 2869 160 814 12 305 2869 4 3194 5635 3168 2 3378 3 4017 13 3467 4 
i160-112st 2924 160 812 12 302 2929 2 2929 5732 3689 2 3395 2 3577 8 3408 7 
i160-113st 2866 160 815 12 400 2866 3 2866 6696 3655 1 3545 2 3413 5 3625 8 
i160-114st 2989 160 814 12 304 3179 2 3179 5048 4196 1 3393 2 5088 27 3890 4 
i160-115st 2937 160 814 12 307 2964 3 2964 6240 4209 1 2985 2 3510 9 3660 4 
i160-121st 2363 160 12720 12 311 2363 25 2363 5671 2363 13 2363 20 2363 83 2363 17 
i160-122st 2348 160 12720 12 310 2348 31 2348 6223 3344 8 3217 20 3084 565 2348 17 
i160-123st 2355 160 12720 12 309 2355 29 2355 6296 3540 6 3237 22 3276 500 2355 20 
i160-124st 2352 160 12720 12 309 2352 28 2352 5873 3700 8 3256 23 3070 576 2352 19 
i160-125st 2351 160 12720 12 317 2351 23 2351 5056 3610 8 3250 26 3065 522 2351 16 
i160-131st 3356 160 367 12 690 3363 1 3475 3662 3460 1 3363 2 3356 2 4029 3 
i160-132st 3450 160 370 12 604 3557 1 3557 3106 4258 1 3746 2 4315 6 4832 4 
i160-133st 3585 160 354 12 693 3585 1 3585 3174 3675 1 3585 3 4347 3 4180 6 
i160-134st 3470 160 373 12 683 3470 0 3470 3268 4160 1 4356 3 4169 5 4782 4 
i160-135st 3716 160 363 12 691 3716 0 3724 2785 4019 1 3716 3 3716 3 4922 4 
i160-141st 2549 160 2544 12 307 2549 3 2549 6918 3050 1 2726 4 2634 7 2642 5 
i160-142st 2562 160 2544 12 309 2562 6 2562 7027 2949 2 2817 3 2746 15 2655 6 
i160-143st 2557 160 2544 12 305 2747 5 2750 6317 3917 2 3101 5 3872 53 2948 5 
i160-144st 2607 160 2544 12 306 2607 3 2607 6558 3759 1 3036 4 4968 63 2984 6 
i160-201st 6923 160 320 24 1056 7202 1 7116 2555 7897 0 7844 4 7512 2 10356 7 
i160-202st 6930 160 332 24 984 6930 1 7021 1985 7333 1 6930 4 7131 2 10042 7 
i160-203st 7243 160 338 24 1279 7243 1 7243 2178 8421 1 7243 4 7630 2 10412 7 
i160-204st 7068 160 318 24 908 7068 1 7068 1962 7849 1 7650 4 7773 4 10661 7 
i160-205st 7122 160 335 24 991 7122 1 7122 1859 7834 1 7122 4 7122 3 9259 10 
i160-221st 4729 160 12720 24 312 4729 20 4729 7490 6845 9 6712 40 7684 536 4729 31 
i160-222st 4697 160 12720 24 313 4697 16 4697 5814 7104 8 6740 45 5193 514 4697 30 
i160-223st 4730 160 12720 24 311 4730 18 4730 7708 6807 8 6717 41 8419 572 4730 30 
i160-224st 4721 160 12720 24 318 4721 15 4721 5534 7128 6 6734 40 7982 516 4721 30 
i160-225st 4728 160 12720 24 313 4728 13 4728 6510 7370 6 6710 40 6504 513 4728 33 
i160-231st 6662 160 358 24 671 6662 1 7433 3821 8157 1 7673 4 7136 4 9544 8 
i160-232st 6558 160 375 24 902 6572 0 6658 2660 7238 1 8247 4 7417 3 9029 8 
i160-233st 6339 160 369 24 781 6339 1 6339 3360 7457 1 6940 4 6822 4 8890 9 
i160-234st 6594 160 352 24 808 6599 1 6684 2893 7683 1 6679 4 6781 3 8943 10 
i160-235st 6764 160 356 24 865 6869 1 6863 3271 8322 1 7872 4 8237 9 11077 13 
i160-241st 5086 160 2544 24 311 5324 5 5324 5010 6821 2 6945 7 6966 58 5792 12 
i160-302st 11497 160 329 40 1002 11591 2 11591 1102 13765 1 11902 7 11692 3 19538 14 
i160-303st 11445 160 315 40 1293 11457 2 11457 1954 12225 0 12052 8 11733 4 18144 21 
i160-304st 11448 160 335 40 1077 11547 3 11570 3343 13223 1 12383 8 12018 4 20837 12 
i160-305st 11423 160 360 40 1268 11727 3 11727 2057 12988 1 12321 8 12114 3 19531 11 
i160-321st 7876 160 12720 40 317 7900 30 7900 5795 8266 12 8216 71 8452 183 7900 55 
i160-323st 7876 160 12720 40 316 7893 22 7893 6618 8398 13 8046 78 8365 154 7893 55 
i160-324st 7884 160 12720 40 312 7926 36 7926 8040 11438 6 11364 49 12236 461 8114 48 
i160-325st 7862 160 12720 40 318 7905 24 7905 5469 11161 6 11356 66 11142 478 8044 47 
mc3st 47 97 4656 45 10 47 222 47 810 56 41 54 105 57 391 50 121 
p6e619st 7485 100 221 5 8187 7485 15 7485 573 8343 10 7485 22 7691 36 9308 38 
p6e620st 8746 100 207 5 9313 9780 7 9204 441 9780 5 9780 12 8746 7 9311 18 
p6e621st 8688 100 205 5 10642 8688 9 8688 529 9402 5 9402 10 8874 17 9030 13 
p6e622st 15972 100 202 10 8673 15972 11 17235 465 17956 14 17235 15 17120 13 25654 27 
p6e623st 19496 100 217 10 11866 19496 17 20353 649 22970 4 19496 11 20092 14 31583 25 
p6e624st 20246 100 237 20 9563 20442 10 20875 651 29355 3 20246 24 20246 8 38569 27 
p6e625st 23078 100 201 20 10774 23078 13 23315 554 37348 3 23078 19 24602 20 52918 20 
p6e626st 22346 100 202 20 8961 23342 11 22346 631 28601 2 22346 16 22473 14 48034 10 
p6e627st 40647 100 204 50 13756 40647 16 40647 643 64202 2 41962 33 40647 21 99276 18 
p6e628st 40008 100 197 50 13360 40650 16 40650 506 49585 1 40542 17 40008 18 97056 16 
p6e630st 26125 200 415 10 16520 30618 8 26125 6244 26125 4 26125 8 26763 18 35785 14 
p6z602st 8083 100 211 5 6491 8083 14 8083 577 8083 9 8083 19 8083 27 12181 36 
p6z603st 5022 100 213 5 5768 5022 6 5022 607 5494 5 5022 12 5022 7 5634 18 
p6z604st 11397 100 210 10 5885 11397 9 11397 600 15353 4 11397 14 11397 12 21305 22 
p6z605st 10355 100 208 10 4634 10355 7 10355 590 13236 5 10355 10 10355 10 17296 23 
p6z606st 13048 100 227 10 6765 13048 15 13048 478 14245 4 13048 9 13048 22 19157 15 
p6z607st 15358 100 213 20 7241 15358 23 15391 812 15656 3 15358 22 15358 10 24913 26 
p6z608st 14439 100 223 20 5239 14439 16 14772 383 15074 3 14439 17 14439 8 26527 26 
p6z609st 18263 100 200 20 5597 18263 14 19384 488 33020 3 19119 15 18263 15 40358 10 
p6z610st 30161 100 198 50 6279 30161 23 30284 717 38324 2 30531 27 30161 26 72178 15 
p6z611st 26903 100 196 50 7001 26903 16 26903 690 38282 2 26903 25 26903 22 65494 13 
p6z612st 30258 100 201 50 7241 30773 14 30960 707 36076 2 31031 19 30258 15 69130 10 
p6z613st 18429 200 432 10 11378 18556 11 18840 6711 20251 5 18556 12 18429 18 25338 9 
p6z614st 27276 200 437 20 12631 29529 59 27995 10831 32553 3 27769 24 27842 23 46359 11 
p6z615st 42474 200 394 40 9437 42474 48 43728 9709 77101 3 43559 62 42474 20 107951 17 
p6z616st 62263 200 414 100 9859 62493 41 62977 8187 78736 2 63776 50 62625 37 170768 50 
antiwheel5st 7 10 16 5 2 7 7 7 15 8 5 7 5 7 7 8 9 
design432st 9 8 20 4 3 10 2 10 5 10 0 10 1 9 2 10 2 
oddcycle3st 4 6 14 3 2 4 0 4 2 4 0 4 1 4 1 4 1 
oddwheel3st 5 7 13 4 3 5 1 5 3 5 0 5 1 5 1 5 2 
se03st 12 13 28 4 5 12 2 12 10 12 1 12 1 12 4 12 3 
berlin52st 1044 52 1326 16 429 1053 42 1053 229 1646 13 1068 50 1045 44 1384 57 
brasil58st 13655 58 1653 25 8700 14454 49 15091 188 32238 6 14362 23 14190 102 23964 34 
d01st 106 1000 2375 5 61 106 99 110 7562992 106 84 106 217 106 277 117 426 
d02st 220 1000 2216 10 76 220 130 220 2400645 233 100 220 112 220 100 252 150 
d06st 67 1000 2302 5 45 67 38 67 10223601 73 28 67 36 67 38 73 16 
d07st 103 1000 2392 10 46 103 11 103 11865621 130 12 103 16 126 108 156 32 
d11st 29 1000 5015 5 19 29 10 29 18159247 29 37 29 9 29 60 37 17 
d12st 42 1000 5008 10 17 42 14 46 18169131 88 11 46 20 42 77 69 29 
i320-001st 2672 320 712 8 1080 2672 25 2672 75135 3544 22 2672 55 2672 65 3625 81 
i320-002st 2847 320 662 8 900 2960 26 3182 29749 2991 14 2960 38 3137 17 3838 56 
i320-003st 2972 320 649 8 982 2972 14 2972 19142 2972 18 2972 25 2972 33 3775 42 
i320-004st 2905 320 714 8 901 2905 14 2905 41001 3104 8 2905 19 3088 26 3495 30 
i320-005st 2991 320 637 8 1022 3099 9 3099 34665 3467 5 3099 15 3087 8 3689 25 
i320-011st 2053 320 1848 8 378 2053 20 2053 76410 2368 6 2263 18 2344 16 2350 20 
i320-012st 1997 320 1845 8 214 1997 22 1997 70387 2290 5 2298 13 2272 18 2091 18 
i320-013st 2072 320 1846 8 307 2072 8 2072 73661 2475 5 2389 11 2265 28 2374 15 
i320-014st 2061 320 1846 8 307 2061 16 2061 78185 2547 5 2061 11 4072 77 2475 8 
i320-015st 2059 320 1846 8 299 2059 9 2059 82500 2269 5 2063 4 2059 9 2253 8 
i320-021st 1553 320 51040 8 310 1553 179 1553 101930 2430 49 2060 99 1925 6083 1553 118 
i320-022st 1565 320 51040 8 309 1565 172 1565 182692 2350 31 2093 92 1921 8154 1565 107 
i320-023st 1549 320 51040 8 309 1549 97 1549 221234 2417 31 2079 106 1549 6173 1549 135 
i320-024st 1553 320 51040 8 306 1553 92 1553 223137 2266 27 2072 98 2098 9277 1553 124 
i320-025st 1550 320 51040 8 309 1550 105 1550 304309 2421 42 2050 123 1920 10796 1550 101 
i320-031st 2673 320 737 8 806 2673 2 2673 77773 3151 13 3145 4 3072 33 3344 6 
i320-032st 2770 320 727 8 695 2770 2 2770 68695 3187 1 2770 3 2955 8 3416 6 
i320-033st 2769 320 745 8 692 2769 2 2769 138500 2769 2 2974 3 2769 6 2965 5 
i320-034st 2521 320 743 8 803 2521 1 2521 140472 2539 2 2539 3 2521 5 2733 5 
i320-035st 2385 320 731 8 698 2385 2 2385 84886 2385 2 2385 3 3329 13 2785 5 
i320-041st 1707 320 10208 8 309 1707 32 1707 172154 2570 7 2022 11 2151 474 1873 15 
i320-042st 1682 320 10208 8 305 1682 18 1682 183446 2639 7 2152 13 2372 411 1791 15 
i320-043st 1723 320 10208 8 307 1781 16 1781 253655 1868 7 1870 14 1723 90 1781 17 
i320-044st 1681 320 10208 8 308 1681 18 1681 213393 1943 4 1942 13 1856 59 1681 18 
i320-045st 1686 320 10208 8 304 1786 17 1786 212513 2450 7 2147 15 2807 608 1872 17 
i320-101st 5548 320 686 17 1009 5548 1 5548 35766 5760 1 5760 6 5917 8 7498 14 
i320-102st 5556 320 652 17 1099 5737 2 5737 57902 6342 1 5737 6 5841 8 7163 32 
i320-103st 6239 320 637 17 974 6340 2 6352 73232 7290 2 6563 6 6450 9 8668 11 
i320-104st 5703 320 667 17 1269 5807 1 5887 69557 6904 2 5807 6 5703 12 7791 11 
i320-105st 5928 320 670 17 1078 5937 1 5937 35845 6873 2 6319 6 7380 12 8083 11 
i320-121st 3321 320 51040 17 310 3321 63 3321 247906 4603 42 4670 252 4027 11349 3321 236 
i320-122st 3314 320 51040 17 315 3314 90 3314 318139 4846 42 4702 228 3820 10501 3314 149 
i320-124st 3323 320 51040 17 313 3323 120 3323 273781 5011 40 4701 246 4392 10182 3323 239 
i320-125st 3340 320 51040 17 316 3340 92 3340 228913 5240 38 4690 154 4588 7594 3340 243 
i320-131st 5255 320 737 17 729 5363 1 5363 97917 5778 1 5363 6 5545 6 6431 13 
i320-132st 5052 320 760 17 703 5066 3 5066 108566 5664 1 5461 5 5240 18 6151 11 
i320-133st 5125 320 741 17 808 5125 2 5125 130200 6915 0 5237 6 5411 8 6908 12 
i320-134st 5272 320 734 17 703 5272 1 5272 102846 5867 1 5272 6 6040 9 6484 13 
i320-135st 5342 320 741 17 710 5452 2 5452 73627 5552 1 5452 6 6924 17 7335 13 
i320-201st 10044 320 639 34 1085 10150 2 10150 144843 11282 1 10244 11 10516 11 14534 61 
i320-202st 11223 320 729 34 1275 11315 3 11413 65344 11633 1 11414 11 11420 9 15479 24 
i320-203st 10148 320 643 34 969 10438 3 10341 55911 10507 0 10811 11 10227 11 13191 22 
i320-221st 6679 320 51040 34 312 6705 108 6705 280124 10504 31 9616 492 11110 8086 6863 438 
i320-222st 6686 320 51040 34 314 6712 173 6712 288369 10077 56 9627 504 13146 7939 6878 437 
i320-223st 6695 320 51040 34 316 6713 118 6713 223910 10527 60 9589 434 10610 10590 6964 416 
i320-224st 6694 320 51040 34 315 6694 110 6694 235767 9855 42 9597 490 12650 10627 6694 439 
i320-225st 6691 320 51040 34 314 6712 149 6712 267287 9376 39 9639 492 11687 8751 6826 446 
i640-001st 4033 640 1311 9 1413 4033 122 4033 266391 4033 33 4033 282 4033 254 4442 390 
i640-002st 3588 640 1309 9 992 3588 144 3588 685846 3588 99 3588 104 3588 32 3684 38 
i640-003st 3438 640 1761 9 1195 3757 19 3757 333451 3947 64 3757 38 3554 34 4055 23 
i640-004st 4000 640 1277 9 989 4000 16 4000 782503 4203 15 4000 38 4771 38 4697 18 
i640-005st 4006 640 1330 9 1005 4006 13 4105 609473 4395 8 4295 11 4106 45 5806 24 
i640-014st 2171 640 4138 9 304 2171 14 2171 3004288 2277 13 2254 22 2716 293 2663 26 
i640-015st 2347 640 4136 9 304 2352 25 2352 2728469 3048 12 2352 21 4654 460 2822 31 
i640-021st 1749 640 204480 9 314 1749 697 1749 3648011 2665 631 2376 820 2288 73410 1749 815 
i640-023st 1754 640 204480 9 309 1754 511 1754 4847576 2787 193 2356 598 2284 85512 1754 682 
i640-024st 1751 640 204480 9 313 1751 401 1751 4108310 1751 270 1751 694 1751 8558 1751 778 
i640-025st 1745 640 204480 9 308 1745 392 1745 3670953 1745 319 1745 624 1745 9647 1745 737 
i640-031st 3278 640 1447 9 700 3278 2 3278 1175971 3469 3 3278 7 3278 15 3557 15 
i640-032st 3187 640 1460 9 793 3187 2 3187 1138783 3393 2 3376 7 3376 20 3684 15 
i640-033st 3260 640 1504 9 884 3366 3 3366 1169495 3865 3 3366 7 3453 21 3972 15 
i640-034st 2953 640 1484 9 919 2953 7 2962 1201400 3259 3 2953 7 2953 64 3621 15 
i640-103st 8819 640 1477 25 1148 9016 7 9016 718960 9799 2 9328 18 9018 50 11196 52 
lin01st 503 53 121 4 572 503 11 503 217 503 9 503 10 503 17 565 20 
lin02st 557 55 112 6 610 557 8 557 87 805 3 557 11 557 12 971 18 
lin03st 926 57 135 8 754 926 12 926 96 926 4 926 15 997 10 1287 12 
lin04st 1239 157 331 6 1054 1239 17 1239 2106 1421 8 1239 21 1287 20 2024 26 
lin05st 1703 160 315 9 1010 1703 17 1703 1574 2299 8 1703 20 1941 37 2559 29 
lin06st 1348 165 335 14 1258 1376 20 1376 2431 1768 11 1519 30 1358 19 2056 33 
lin07st 1885 307 658 6 2020 1885 11 2023 30988 2023 12 1885 25 1981 31 2075 23 
lin08st 2248 311 656 10 1512 2248 10 2248 22319 2656 7 2376 31 2248 13 3167 18 
lin09st 2752 313 632 12 1640 2752 18 2752 18338 2752 7 2752 31 2818 34 6092 13 
